701,'4159',832,,2426,41,,,0,222,,1571,41,,,0,262,,1574,41,,,0,219,,1575,41,,,0,219,,2427,41,,,0,149,,2428,41,,,0
701,'4616',833,,1577,41,,,0,110,,1578,41,,,0,110,,1579,41,,,0,149,,1580,41,,,0,111,,1581,41,,,0,108,,1582,41,,,0,112,,1583,41,,,0,110,,1584,41,,,0,160,,2429,41,,,0,109,,1586,41,,,0,119,,2430,41,,,0,120,,2431,41,,,0
701,'4753',722,,2432,41,,,0
701,'4754',832,,2433,41,,,0,222,,1590,41,,,0,262,,1593,41,,,0,219,,1594,41,,,0,219,,2434,41,,,0,149,,2435,41,,,0
701,'4755',832,,2436,41,,,0,222,,1596,41,,,0,262,,2438,41,,,0,219,,2439,41,,,0,219,,2437,41,,,0,149,,2440,41,,,0
701,'4880',843,,725,41,,,0,165,,724,41,,,0,136,,727,41,,,0,175,,726,41,,,0,136,,729,41,,,0,176,,728,41,,,0,173,,730,41,,,0,130,,731,41,,,0
701,'5441',1048,,2442,41,,,0,366,,2444,41,,,0,615,,2443,41,,,0,120,,2441,41,,,0
701,'5442',722,,2445,41,,,0
801,'4159',941,,1606,34,,,0,260,,1605,34,,,0,220,,2447,34,,,0,220,,2446,34,,,0
801,'4616',907,,2448,34,,,0,110,,2449,34,,,0,110,,2450,34,,,0,110,,2451,34,,,0,111,,2452,34,,,0,109,,2453,34,,,0,149,,2454,34,,,0,121,,1607,34,,,0,110,,2455,34,,,0,111,,2456,34,,,0,162,,2457,34,,,0
801,'4753',642,,2458,34,,,0,164,,2459,34,,,0
801,'4754',941,,1616,34,,,0,260,,1615,34,,,0,220,,2461,34,,,0,220,,2460,34,,,0
801,'4755',941,,1620,34,,,0,260,,1619,34,,,0,220,,2463,34,,,0,220,,2462,34,,,0
801,'4880',925,,768,34,,,0,90,,770,34,,,0,42,,771,34,,,0,174,,765,34,,,0,175,,764,34,,,0,136,,763,34,,,0,176,,762,34,,,0,132,,767,34,,,0,163,,766,34,,,0
801,'5441',2109,,2464,34,,,0
801,'5442',642,,2465,34,,,0,164,,2466,34,,,0
