900,'4159',934,,1623,16,4,,0,72,,1629,16,4,,0,32,,790,16,4,,0,72,,1628,16,4,,0,32,,788,16,4,,0,72,,1627,16,4,,0,33,,785,16,4,,0,72,,784,16,4,,0,32,,1625,16,4,,0,72,,1626,16,4,,0,32,,1624,16,4,,0,72,,781,16,4,,0,31,,780,16,4,,0,72,,776,16,4,,0,72,,779,16,4,,0,32,,778,16,4,,0,72,,777,16,4,,0,32,,775,16,4,,0
900,'4616',902,,2467,16,4,,0,32,,1648,16,4,,0,73,,2478,16,4,,0,32,,1646,16,4,,0,72,,2477,16,4,,0,32,,1647,16,4,,0,73,,2476,16,4,,0,32,,1645,16,4,,0,72,,2475,16,4,,0,32,,1644,16,4,,0,72,,2474,16,4,,0,32,,1642,16,4,,0,72,,2473,16,4,,0,72,,1640,16,4,,0,32,,2472,16,4,,0,72,,2471,16,4,,0,30,,1638,16,4,,0,72,,1637,16,4,,0,32,,1636,16,4,,0,72,,1635,16,4,,0,32,,1634,16,4,,0,71,,1633,16,4,,0,32,,2470,16,4,,0,72,,2469,16,4,,0,32,,2468,16,4,,0
900,'4753',1535,,1656,16,4,,0,77,,1659,16,4,,0,37,,1655,16,4,,0,75,,1660,16,4,,0,77,,1654,16,4,,0,36,,1649,16,4,,0,71,,1651,16,4,,0,33,,1658,16,4,,0,70,,1657,16,4,,0,32,,1653,16,4,,0,72,,1650,16,4,,0,32,,1652,16,4,,0
900,'4754',934,,1661,16,4,,0,72,,1667,16,4,,0,32,,845,16,4,,0,72,,1666,16,4,,0,32,,843,16,4,,0,72,,1665,16,4,,0,33,,840,16,4,,0,72,,839,16,4,,0,32,,1663,16,4,,0,72,,1664,16,4,,0,32,,1662,16,4,,0,72,,836,16,4,,0,31,,835,16,4,,0,72,,831,16,4,,0,72,,834,16,4,,0,32,,833,16,4,,0,72,,832,16,4,,0,32,,830,16,4,,0
900,'4755',934,,1668,16,4,,0,72,,1674,16,4,,0,32,,863,16,4,,0,72,,1673,16,4,,0,32,,861,16,4,,0,72,,1672,16,4,,0,33,,858,16,4,,0,72,,857,16,4,,0,32,,2480,16,4,,0,72,,2481,16,4,,0,32,,2479,16,4,,0,72,,854,16,4,,0,31,,853,16,4,,0,72,,849,16,4,,0,72,,852,16,4,,0,32,,851,16,4,,0,72,,850,16,4,,0,32,,848,16,4,,0
900,'4880',746,,870,16,4,,0,76,,887,16,4,,0,37,,871,16,4,,0,76,,869,16,4,,0
900,'4881',1535,,1679,16,4,,0,77,,1681,16,4,,0,37,,1678,16,4,,0,75,,1682,16,4,,0,77,,1677,16,4,,0,36,,1675,16,4,,0,71,,1676,16,4,,0,33,,1680,16,4,,0
900,'5441',727,,2495,16,4,,0,77,,2488,16,4,,0,37,,2487,16,4,,0,76,,2490,16,4,,0,36,,2497,16,4,,0,76,,2494,16,4,,0,76,,2500,16,4,,0,36,,2499,16,4,,0,76,,2493,16,4,,0,36,,2492,16,4,,0,76,,2491,16,4,,0,75,,2496,16,4,,0,36,,2482,16,4,,0,77,,2484,16,4,,0,37,,2498,16,4,,0,77,,2489,16,4,,0,76,,2483,16,4,,0,36,,2485,16,4,,0,76,,2486,16,4,,0
901,'4159',907,,1688,1,,,0,32,,1689,1,,,0,72,,911,1,,,0,32,,1683,1,,,0,72,,898,1,,,0,32,,1684,1,,,0,72,,900,1,,,0,32,,896,1,,,0,72,,1685,1,,,0,32,,1686,1,,,0,72,,1687,1,,,0,32,,904,1,,,0,72,,905,1,,,0,72,,906,1,,,0,32,,907,1,,,0,72,,912,1,,,0,32,,909,1,,,0,72,,913,1,,,0
901,'4616',835,,2501,1,,,0,72,,1691,1,,,0,32,,2503,1,,,0,72,,1690,1,,,0,32,,2502,1,,,0,72,,1692,1,,,0,32,,2504,1,,,0,72,,1693,1,,,0,32,,2505,1,,,0,72,,1694,1,,,0,32,,2506,1,,,0,72,,1695,1,,,0,32,,2507,1,,,0,72,,1697,1,,,0,72,,2508,1,,,0,32,,2509,1,,,0,72,,1700,1,,,0,32,,1701,1,,,0,72,,1702,1,,,0,32,,1703,1,,,0,72,,1704,1,,,0,32,,1706,1,,,0,72,,2511,1,,,0,32,,2512,1,,,0,72,,2510,1,,,0
901,'4753',1504,,1720,1,,,0,37,,1719,1,,,0,77,,1714,1,,,0,37,,1713,1,,,0,77,,1712,1,,,0,76,,1711,1,,,0,33,,1710,1,,,0,73,,1709,1,,,0,33,,1715,1,,,0,72,,1716,1,,,0,32,,1717,1,,,0,72,,1718,1,,,0
901,'4754',907,,1726,1,,,0,32,,1727,1,,,0,72,,966,1,,,0,32,,1721,1,,,0,72,,953,1,,,0,32,,1722,1,,,0,72,,955,1,,,0,32,,951,1,,,0,72,,1723,1,,,0,32,,1724,1,,,0,72,,1725,1,,,0,32,,959,1,,,0,72,,960,1,,,0,72,,961,1,,,0,32,,962,1,,,0,72,,967,1,,,0,32,,964,1,,,0,72,,968,1,,,0
901,'4755',907,,1733,1,,,0,32,,1734,1,,,0,72,,984,1,,,0,32,,1728,1,,,0,72,,971,1,,,0,32,,1729,1,,,0,72,,973,1,,,0,32,,969,1,,,0,72,,2513,1,,,0,32,,2514,1,,,0,72,,2515,1,,,0,32,,977,1,,,0,72,,978,1,,,0,72,,979,1,,,0,32,,980,1,,,0,72,,985,1,,,0,32,,982,1,,,0,72,,986,1,,,0
901,'4880',718,,998,1,,,0,36,,1002,1,,,0,76,,999,1,,,0,76,,1000,1,,,0
901,'4881',1504,,1742,1,,,0,37,,1741,1,,,0,77,,1740,1,,,0,37,,1739,1,,,0,77,,1738,1,,,0,76,,1737,1,,,0,33,,1736,1,,,0,73,,1735,1,,,0
901,'5441',700,,2516,1,,,0,36,,2525,1,,,0,76,,2526,1,,,0,36,,2524,1,,,0,76,,2534,1,,,0,35,,2533,1,,,0,76,,2521,1,,,0,76,,2523,1,,,0,36,,2528,1,,,0,76,,2522,1,,,0,36,,2520,1,,,0,75,,2529,1,,,0,76,,2530,1,,,0,36,,2532,1,,,0,77,,2517,1,,,0,77,,2519,1,,,0,37,,2518,1,,,0,77,,2527,1,,,0,36,,2531,1,,,0
