300,'4159',910,,2021,1,0,12 13 14,0,42,,2035,1,0,12 13 14,0,82,,2034,1,0,12 13 14,0,82,,2033,1,0,12 13 14,0,42,,2032,1,0,12 13 14,0,82,,2025,1,0,12 13 14,0,82,,2031,1,0,12 13 14,0,82,,2030,1,0,12 13 14,0,42,,2029,1,0,12 13 14,0,81,,2028,1,0,12 13 14,0,82,,2027,1,0,12 13 14,0,42,,2026,1,0,12 13 14,0,82,,2024,1,0,12 13 14,0,82,,2023,1,0,12 13 14,0,42,,2022,1,0,12 13 14,0
300,'4616',830,,2036,1,0,12 13 14,0,80,,2048,1,0,12 13 14,0,40,,2053,1,0,12 13 14,0,80,,2055,1,0,12 13 14,0,80,,2056,1,0,12 13 14,0,40,,2054,1,0,12 13 14,0,80,,2052,1,0,12 13 14,0,80,,2051,1,0,12 13 14,0,41,,2050,1,0,12 13 14,0,80,,2049,1,0,12 13 14,0,80,,2047,1,0,12 13 14,0,39,,2046,1,0,12 13 14,0,80,,2042,1,0,12 13 14,0,80,,2045,1,0,12 13 14,0,40,,2044,1,0,12 13 14,0,80,,2043,1,0,12 13 14,0,79,,2041,1,0,12 13 14,0,40,,2040,1,0,12 13 14,0,79,,2039,1,0,12 13 14,0,80,,2038,1,0,12 13 14,0,40,,2037,1,0,12 13 14,0
300,'4753',916,,2057,1,0,12 13 14,0,135,,2059,1,0,12 13 14,0,166,,2060,1,0,12 13 14,0,322,,2058,1,0,12 13 14,0,100,,2061,1,0,12 13 14,0
300,'4754',910,,2062,1,0,12 13 14,0,42,,2076,1,0,12 13 14,0,82,,2075,1,0,12 13 14,0,82,,2074,1,0,12 13 14,0,42,,2073,1,0,12 13 14,0,82,,2066,1,0,12 13 14,0,82,,2072,1,0,12 13 14,0,82,,2071,1,0,12 13 14,0,42,,2070,1,0,12 13 14,0,81,,2069,1,0,12 13 14,0,82,,2068,1,0,12 13 14,0,42,,2067,1,0,12 13 14,0,82,,2065,1,0,12 13 14,0,82,,2064,1,0,12 13 14,0,42,,2063,1,0,12 13 14,0
300,'4755',910,,2077,1,0,12 13 14,0,42,,2091,1,0,12 13 14,0,82,,2090,1,0,12 13 14,0,82,,2089,1,0,12 13 14,0,42,,2088,1,0,12 13 14,0,82,,2081,1,0,12 13 14,0,82,,2087,1,0,12 13 14,0,82,,2086,1,0,12 13 14,0,42,,2085,1,0,12 13 14,0,81,,2084,1,0,12 13 14,0,82,,2083,1,0,12 13 14,0,42,,2082,1,0,12 13 14,0,82,,2080,1,0,12 13 14,0,82,,2079,1,0,12 13 14,0,42,,2078,1,0,12 13 14,0
300,'4880',627,,2104,1,0,12 13 14,0,80,,2103,1,0,12 13 14,0,38,,2101,1,0,12 13 14,0,91,,2099,1,0,12 13 14,0,105,,2112,1,0,12 13 14,0,65,,2105,1,0,12 13 14,0,127,,2107,1,0,12 13 14,0,167,,2093,1,0,12 13 14,0,49,,2106,1,0,12 13 14,0,65,,2111,1,0,12 13 14,0,25,,2092,1,0,12 13 14,0,70,,2110,1,0,12 13 14,0,100,,2102,1,0,12 13 14,0,100,,2100,1,0,12 13 14,0,29,,2109,1,0,12 13 14,0,78,,2108,1,0,12 13 14,0,39,,2098,1,0,12 13 14,0,80,,2096,1,0,12 13 14,0,82,,2095,1,0,12 13 14,0,85,,2097,1,0,12 13 14,0,45,,2094,1,0,12 13 14,0
300,'4881',916,,2113,1,0,12 13 14,0,135,,2115,1,0,12 13 14,0,166,,2116,1,0,12 13 14,0,322,,2114,1,0,12 13 14,0,100,,2117,1,0,12 13 14,0
301,'4159',910,,2127,19,4,,0,42,,2128,19,4,,0,82,,2129,19,4,,0,82,,2130,19,4,,0,42,,2131,19,4,,0,82,,2132,19,4,,0,82,,2124,19,4,,0,82,,2125,19,4,,0,42,,2126,19,4,,0,81,,2122,19,4,,0,82,,2123,19,4,,0,42,,2118,19,4,,0,82,,2121,19,4,,0,82,,2119,19,4,,0,42,,2120,19,4,,0
301,'4616',830,,2133,19,4,,0,80,,2138,19,4,,0,40,,2134,19,4,,0,80,,2136,19,4,,0,80,,2135,19,4,,0,40,,2137,19,4,,0,80,,2140,19,4,,0,80,,2139,19,4,,0,41,,2141,19,4,,0,80,,2142,19,4,,0,80,,2143,19,4,,0,39,,2144,19,4,,0,80,,2145,19,4,,0,80,,2146,19,4,,0,40,,2147,19,4,,0,80,,2148,19,4,,0,79,,2149,19,4,,0,40,,2150,19,4,,0,79,,2151,19,4,,0,80,,2152,19,4,,0,40,,2153,19,4,,0
301,'4753',916,,2158,19,4,,0,135,,2157,19,4,,0,166,,2156,19,4,,0,322,,2155,19,4,,0,100,,2154,19,4,,0
301,'4754',910,,2168,19,4,,0,42,,2169,19,4,,0,82,,2170,19,4,,0,82,,2171,19,4,,0,42,,2172,19,4,,0,82,,2173,19,4,,0,82,,2165,19,4,,0,82,,2166,19,4,,0,42,,2167,19,4,,0,81,,2163,19,4,,0,82,,2164,19,4,,0,42,,2159,19,4,,0,82,,2162,19,4,,0,82,,2160,19,4,,0,42,,2161,19,4,,0
301,'4755',910,,2183,19,4,,0,42,,2184,19,4,,0,82,,2185,19,4,,0,82,,2186,19,4,,0,42,,2187,19,4,,0,82,,2188,19,4,,0,82,,2180,19,4,,0,82,,2181,19,4,,0,42,,2182,19,4,,0,81,,2178,19,4,,0,82,,2179,19,4,,0,42,,2174,19,4,,0,82,,2177,19,4,,0,82,,2175,19,4,,0,42,,2176,19,4,,0
301,'4880',627,,2189,19,4,,0,80,,2191,19,4,,0,38,,2202,19,4,,0,91,,2203,19,4,,0,105,,2209,19,4,,0,65,,2204,19,4,,0,127,,2201,19,4,,0,167,,2200,19,4,,0,49,,2199,19,4,,0,65,,2208,19,4,,0,25,,2198,19,4,,0,70,,2207,19,4,,0,100,,2205,19,4,,0,100,,2197,19,4,,0,29,,2206,19,4,,0,78,,2196,19,4,,0,39,,2195,19,4,,0,80,,2194,19,4,,0,82,,2193,19,4,,0,85,,2192,19,4,,0,45,,2190,19,4,,0
301,'4881',916,,2214,19,4,,0,135,,2213,19,4,,0,166,,2212,19,4,,0,322,,2211,19,4,,0,100,,2210,19,4,,0
900,'4159',922,,1623,1,,,0,32,,1629,1,,,0,72,,790,1,,,0,32,,1628,1,,,0,72,,788,1,,,0,72,,1627,1,,,0,33,,785,1,,,0,72,,784,1,,,0,32,,1625,1,,,0,72,,1626,1,,,0,32,,1624,1,,,0,72,,781,1,,,0,31,,780,1,,,0,72,,776,1,,,0,32,,779,1,,,0,72,,778,1,,,0,32,,777,1,,,0,72,,775,1,,,0
900,'4616',850,,2467,1,,,0,72,,1648,1,,,0,33,,2478,1,,,0,72,,1646,1,,,0,32,,2477,1,,,0,72,,1647,1,,,0,72,,2476,1,,,0,32,,1645,1,,,0,72,,2475,1,,,0,32,,1644,1,,,0,72,,2474,1,,,0,32,,1642,1,,,0,72,,2473,1,,,0,32,,1640,1,,,0,72,,2472,1,,,0,32,,2471,1,,,0,71,,1638,1,,,0,32,,1637,1,,,0,72,,1636,1,,,0,32,,1635,1,,,0,72,,1634,1,,,0,72,,1633,1,,,0,32,,2470,1,,,0,72,,2469,1,,,0,32,,2468,1,,,0
900,'4753',1521,,1656,1,,,0,37,,1659,1,,,0,77,,1655,1,,,0,76,,1660,1,,,0,37,,1654,1,,,0,76,,1649,1,,,0,32,,1651,1,,,0,73,,1658,1,,,0,72,,1657,1,,,0,32,,1653,1,,,0,72,,1650,1,,,0,32,,1652,1,,,0
900,'4754',922,,1661,1,,,0,32,,1667,1,,,0,72,,845,1,,,0,32,,1666,1,,,0,72,,843,1,,,0,72,,1665,1,,,0,33,,840,1,,,0,72,,839,1,,,0,32,,1663,1,,,0,72,,1664,1,,,0,32,,1662,1,,,0,72,,836,1,,,0,31,,835,1,,,0,72,,831,1,,,0,32,,834,1,,,0,72,,833,1,,,0,32,,832,1,,,0,72,,830,1,,,0
900,'4755',922,,1668,1,,,0,32,,1674,1,,,0,72,,863,1,,,0,32,,1673,1,,,0,72,,861,1,,,0,72,,1672,1,,,0,33,,858,1,,,0,72,,857,1,,,0,32,,2480,1,,,0,72,,2481,1,,,0,32,,2479,1,,,0,72,,854,1,,,0,31,,853,1,,,0,72,,849,1,,,0,32,,852,1,,,0,72,,851,1,,,0,32,,850,1,,,0,72,,848,1,,,0
900,'4880',715,,2495,1,,,0,18,,870,1,,,0,18,,2488,1,,,0,58,,887,1,,,0,19,,2487,1,,,0,18,,871,1,,,0,58,,2490,1,,,0,18,,869,1,,,0,18,,2497,1,,,0,76,,2494,1,,,0,36,,2500,1,,,0,76,,2499,1,,,0,76,,2493,1,,,0,36,,2492,1,,,0,76,,2491,1,,,0,35,,2496,1,,,0,76,,2482,1,,,0,76,,2484,1,,,0,37,,2498,1,,,0,77,,2489,1,,,0,37,,2483,1,,,0,76,,2485,1,,,0,76,,2486,1,,,0
900,'4881',1521,,1679,1,,,0,37,,1681,1,,,0,77,,1678,1,,,0,76,,1682,1,,,0,37,,1677,1,,,0,76,,1675,1,,,0,32,,1676,1,,,0,73,,1680,1,,,0
901,'4159',922,,1688,13,4,,0,32,,1689,13,4,,0,72,,911,13,4,,0,32,,1683,13,4,,0,72,,898,13,4,,0,72,,1684,13,4,,0,33,,900,13,4,,0,72,,896,13,4,,0,32,,1685,13,4,,0,72,,1686,13,4,,0,32,,1687,13,4,,0,72,,904,13,4,,0,31,,905,13,4,,0,72,,906,13,4,,0,32,,907,13,4,,0,72,,912,13,4,,0,32,,909,13,4,,0,72,,913,13,4,,0
901,'4616',850,,2501,13,4,,0,72,,1691,13,4,,0,33,,2503,13,4,,0,72,,1690,13,4,,0,32,,2502,13,4,,0,72,,1692,13,4,,0,72,,2504,13,4,,0,32,,1693,13,4,,0,72,,2505,13,4,,0,32,,1694,13,4,,0,72,,2506,13,4,,0,32,,1695,13,4,,0,72,,2507,13,4,,0,32,,1697,13,4,,0,72,,2508,13,4,,0,32,,2509,13,4,,0,71,,1700,13,4,,0,32,,1701,13,4,,0,72,,1702,13,4,,0,32,,1703,13,4,,0,72,,1704,13,4,,0,72,,1706,13,4,,0,32,,2511,13,4,,0,72,,2512,13,4,,0,32,,2510,13,4,,0
901,'4753',1521,,1720,13,4,,0,37,,1719,13,4,,0,77,,1714,13,4,,0,76,,1713,13,4,,0,37,,1712,13,4,,0,76,,1711,13,4,,0,32,,1710,13,4,,0,73,,1709,13,4,,0,72,,1715,13,4,,0,32,,1716,13,4,,0,72,,1717,13,4,,0,32,,1718,13,4,,0
901,'4754',922,,1726,13,4,,0,32,,1727,13,4,,0,72,,966,13,4,,0,32,,1721,13,4,,0,72,,953,13,4,,0,72,,1722,13,4,,0,33,,955,13,4,,0,72,,951,13,4,,0,32,,1723,13,4,,0,72,,1724,13,4,,0,32,,1725,13,4,,0,72,,959,13,4,,0,31,,960,13,4,,0,72,,961,13,4,,0,32,,962,13,4,,0,72,,967,13,4,,0,32,,964,13,4,,0,72,,968,13,4,,0
901,'4755',922,,1733,13,4,,0,32,,1734,13,4,,0,72,,984,13,4,,0,32,,1728,13,4,,0,72,,971,13,4,,0,72,,1729,13,4,,0,33,,973,13,4,,0,72,,969,13,4,,0,32,,2513,13,4,,0,72,,2514,13,4,,0,32,,2515,13,4,,0,72,,977,13,4,,0,31,,978,13,4,,0,72,,979,13,4,,0,32,,980,13,4,,0,72,,985,13,4,,0,32,,982,13,4,,0,72,,986,13,4,,0
901,'4880',715,,2516,13,4,,0,18,,998,13,4,,0,18,,2525,13,4,,0,58,,1002,13,4,,0,19,,2526,13,4,,0,18,,999,13,4,,0,58,,2524,13,4,,0,18,,1000,13,4,,0,18,,2534,13,4,,0,76,,2533,13,4,,0,36,,2521,13,4,,0,76,,2523,13,4,,0,76,,2528,13,4,,0,36,,2522,13,4,,0,76,,2520,13,4,,0,35,,2529,13,4,,0,76,,2530,13,4,,0,76,,2532,13,4,,0,37,,2517,13,4,,0,77,,2519,13,4,,0,37,,2518,13,4,,0,76,,2527,13,4,,0,76,,2531,13,4,,0
901,'4881',1521,,1742,13,4,,0,37,,1741,13,4,,0,77,,1740,13,4,,0,76,,1739,13,4,,0,37,,1738,13,4,,0,76,,1737,13,4,,0,32,,1736,13,4,,0,73,,1735,13,4,,0
