300,'4159',916,,2021,7,0,12 13 14,0,42,,2035,7,0,12 13 14,0,82,,2034,7,0,12 13 14,0,82,,2033,7,0,12 13 14,0,82,,2032,7,0,12 13 14,0,42,,2025,7,0,12 13 14,0,82,,2031,7,0,12 13 14,0,82,,2030,7,0,12 13 14,0,42,,2029,7,0,12 13 14,0,81,,2028,7,0,12 13 14,0,82,,2027,7,0,12 13 14,0,42,,2026,7,0,12 13 14,0,82,,2024,7,0,12 13 14,0,82,,2023,7,0,12 13 14,0,82,,2022,7,0,12 13 14,0
300,'4616',835,,2036,7,0,12 13 14,0,80,,2048,7,0,12 13 14,0,40,,2053,7,0,12 13 14,0,80,,2055,7,0,12 13 14,0,81,,2056,7,0,12 13 14,0,40,,2054,7,0,12 13 14,0,80,,2052,7,0,12 13 14,0,80,,2051,7,0,12 13 14,0,41,,2050,7,0,12 13 14,0,80,,2049,7,0,12 13 14,0,80,,2047,7,0,12 13 14,0,39,,2046,7,0,12 13 14,0,80,,2042,7,0,12 13 14,0,80,,2045,7,0,12 13 14,0,40,,2044,7,0,12 13 14,0,80,,2043,7,0,12 13 14,0,79,,2041,7,0,12 13 14,0,40,,2040,7,0,12 13 14,0,78,,2039,7,0,12 13 14,0,80,,2038,7,0,12 13 14,0,40,,2037,7,0,12 13 14,0
300,'4753',922,,2057,7,0,12 13 14,0,135,,2059,7,0,12 13 14,0,166,,2060,7,0,12 13 14,0,322,,2058,7,0,12 13 14,0,100,,2061,7,0,12 13 14,0
300,'4754',916,,2062,7,0,12 13 14,0,42,,2076,7,0,12 13 14,0,82,,2075,7,0,12 13 14,0,82,,2074,7,0,12 13 14,0,82,,2073,7,0,12 13 14,0,42,,2066,7,0,12 13 14,0,82,,2072,7,0,12 13 14,0,82,,2071,7,0,12 13 14,0,42,,2070,7,0,12 13 14,0,81,,2069,7,0,12 13 14,0,82,,2068,7,0,12 13 14,0,42,,2067,7,0,12 13 14,0,82,,2065,7,0,12 13 14,0,82,,2064,7,0,12 13 14,0,82,,2063,7,0,12 13 14,0
300,'4755',916,,2077,7,0,12 13 14,0,42,,2091,7,0,12 13 14,0,82,,2090,7,0,12 13 14,0,82,,2089,7,0,12 13 14,0,82,,2088,7,0,12 13 14,0,42,,2081,7,0,12 13 14,0,82,,2087,7,0,12 13 14,0,82,,2086,7,0,12 13 14,0,42,,2085,7,0,12 13 14,0,81,,2084,7,0,12 13 14,0,82,,2083,7,0,12 13 14,0,42,,2082,7,0,12 13 14,0,82,,2080,7,0,12 13 14,0,82,,2079,7,0,12 13 14,0,82,,2078,7,0,12 13 14,0
300,'4880',633,,2104,7,0,12 13 14,0,80,,2103,7,0,12 13 14,0,38,,2101,7,0,12 13 14,0,91,,2099,7,0,12 13 14,0,105,,2112,7,0,12 13 14,0,65,,2105,7,0,12 13 14,0,127,,2107,7,0,12 13 14,0,167,,2093,7,0,12 13 14,0,49,,2106,7,0,12 13 14,0,65,,2111,7,0,12 13 14,0,25,,2092,7,0,12 13 14,0,70,,2110,7,0,12 13 14,0,100,,2102,7,0,12 13 14,0,100,,2100,7,0,12 13 14,0,29,,2109,7,0,12 13 14,0,78,,2108,7,0,12 13 14,0,79,,2098,7,0,12 13 14,0,40,,2096,7,0,12 13 14,0,82,,2095,7,0,12 13 14,0,85,,2097,7,0,12 13 14,0,45,,2094,7,0,12 13 14,0
300,'4881',922,,2113,7,0,12 13 14,0,135,,2115,7,0,12 13 14,0,166,,2116,7,0,12 13 14,0,322,,2114,7,0,12 13 14,0,100,,2117,7,0,12 13 14,0
900,'4159',927,,1623,9,,,0,32,,1629,9,,,0,72,,790,9,,,0,72,,1628,9,,,0,32,,788,9,,,0,72,,1627,9,,,0,33,,785,9,,,0,72,,784,9,,,0,32,,1625,9,,,0,72,,1626,9,,,0,32,,1624,9,,,0,72,,781,9,,,0,31,,780,9,,,0,72,,776,9,,,0,32,,779,9,,,0,72,,778,9,,,0,32,,777,9,,,0,72,,775,9,,,0
900,'4616',855,,2467,9,,,0,72,,1648,9,,,0,73,,2478,9,,,0,32,,1646,9,,,0,72,,2477,9,,,0,32,,1647,9,,,0,72,,2476,9,,,0,32,,1645,9,,,0,72,,2475,9,,,0,32,,1644,9,,,0,72,,2474,9,,,0,32,,1642,9,,,0,72,,2473,9,,,0,32,,1640,9,,,0,72,,2472,9,,,0,32,,2471,9,,,0,71,,1638,9,,,0,32,,1637,9,,,0,72,,1636,9,,,0,72,,1635,9,,,0,32,,1634,9,,,0,72,,1633,9,,,0,32,,2470,9,,,0,72,,2469,9,,,0,32,,2468,9,,,0
900,'4753',1526,,1656,9,,,0,77,,1659,9,,,0,37,,1655,9,,,0,76,,1660,9,,,0,37,,1654,9,,,0,76,,1649,9,,,0,72,,1651,9,,,0,33,,1658,9,,,0,72,,1657,9,,,0,32,,1653,9,,,0,72,,1650,9,,,0,32,,1652,9,,,0
900,'4754',927,,1661,9,,,0,32,,1667,9,,,0,72,,845,9,,,0,72,,1666,9,,,0,32,,843,9,,,0,72,,1665,9,,,0,33,,840,9,,,0,72,,839,9,,,0,32,,1663,9,,,0,72,,1664,9,,,0,32,,1662,9,,,0,72,,836,9,,,0,31,,835,9,,,0,72,,831,9,,,0,32,,834,9,,,0,72,,833,9,,,0,32,,832,9,,,0,72,,830,9,,,0
900,'4755',927,,1668,9,,,0,32,,1674,9,,,0,72,,863,9,,,0,72,,1673,9,,,0,32,,861,9,,,0,72,,1672,9,,,0,33,,858,9,,,0,72,,857,9,,,0,32,,2480,9,,,0,72,,2481,9,,,0,32,,2479,9,,,0,72,,854,9,,,0,31,,853,9,,,0,72,,849,9,,,0,32,,852,9,,,0,72,,851,9,,,0,32,,850,9,,,0,72,,848,9,,,0
900,'4880',720,,2495,9,,,0,18,,870,9,,,0,18,,2488,9,,,0,58,,887,9,,,0,19,,2487,9,,,0,18,,871,9,,,0,58,,2490,9,,,0,18,,869,9,,,0,18,,2497,9,,,0,76,,2494,9,,,0,36,,2500,9,,,0,76,,2499,9,,,0,76,,2493,9,,,0,36,,2492,9,,,0,76,,2491,9,,,0,35,,2496,9,,,0,76,,2482,9,,,0,76,,2484,9,,,0,37,,2498,9,,,0,77,,2489,9,,,0,37,,2483,9,,,0,76,,2485,9,,,0,76,,2486,9,,,0
900,'4881',1526,,1679,9,,,0,77,,1681,9,,,0,37,,1678,9,,,0,76,,1682,9,,,0,37,,1677,9,,,0,76,,1675,9,,,0,72,,1676,9,,,0,33,,1680,9,,,0
6001,'4616',1049,,1028,22,,,0,174,,1027,22,,,0,227,,1029,22,,,0,171,,1030,22,,,0
6001,'4880',708,,2543,27,,,0,242,,2540,27,,,0,175,,2544,23,,,0,396,,2542,27,,,0,217,,2541,27,,,0
