501,'4159',857,,2246,4,,,0,159,,2247,4,,,0,124,,2248,4,,,0,164,,2249,4,,,0,125,,2250,4,,,0,123,,2251,4,,,0,164,,2252,4,,,0,124,,2253,4,,,0
501,'4616',817,,1406,4,,,0,40,,2254,4,,,0,80,,2256,4,,,0,80,,2255,4,,,0,40,,2257,4,,,0,80,,2258,4,,,0,80,,2259,4,,,0,40,,2260,4,,,0,80,,2261,4,,,0,80,,2262,4,,,0,40,,2263,4,,,0,80,,2264,4,,,0,80,,2265,4,,,0,40,,2266,4,,,0,80,,2267,4,,,0,80,,2268,4,,,0,40,,2269,4,,,0,80,,2270,4,,,0,80,,2271,4,,,0,40,,1418,4,,,0,80,,2272,4,,,0
501,'4753',820,,2277,4,,,0,134,,2274,4,,,0,168,,2273,4,,,0,130,,2275,4,,,0,181,,2276,4,,,0
501,'4754',857,,2278,4,,,0,159,,2279,4,,,0,124,,2280,4,,,0,164,,2281,4,,,0,125,,2282,4,,,0,123,,2283,4,,,0,164,,2284,4,,,0,124,,2285,4,,,0
501,'4755',857,,2286,4,,,0,159,,2287,4,,,0,124,,2288,4,,,0,164,,2289,4,,,0,125,,2290,4,,,0,123,,2291,4,,,0,164,,2292,4,,,0,124,,2293,4,,,0
501,'5441',613,,2294,4,,,0,40,,2295,4,,,0,81,,2296,4,,,0,71,,2297,4,,,0,31,,2312,4,,,0,74,,2298,4,,,0,128,,2300,4,,,0,165,,2299,4,,,0,139,,2301,4,,,0,171,,2303,4,,,0,39,,2302,4,,,0,83,,2304,4,,,0,84,,2305,4,,,0,83,,2307,4,,,0,43,,2308,4,,,0,83,,2306,4,,,0,83,,2309,4,,,0,43,,2311,4,,,0,83,,2310,4,,,0
501,'5442',820,,2317,4,,,0,134,,2314,4,,,0,168,,2313,4,,,0,130,,2315,4,,,0,181,,2316,4,,,0
601,'4159',845,,1504,4,,,0,98,,2374,4,,,0,164,,2375,4,,,0,124,,2373,4,,,0,124,,2376,4,,,0,164,,2377,4,,,0,124,,2372,4,,,0,164,,2378,4,,,0
601,'4616',845,,1511,4,,,0,75,,2379,4,,,0,35,,1510,4,,,0,75,,2380,4,,,0,75,,1512,4,,,0,35,,2381,4,,,0,75,,1513,4,,,0,35,,2382,4,,,0,75,,1514,4,,,0,75,,2383,4,,,0,35,,1515,4,,,0,75,,2384,4,,,0,35,,1516,4,,,0,75,,2385,4,,,0,82,,2386,4,,,0,35,,2387,4,,,0,75,,1518,4,,,0,44,,2388,4,,,0,65,,1521,4,,,0,36,,1520,4,,,0
601,'4753',632,,1522,4,,,0,70,,1523,4,,,0,623,,1525,4,,,0,75,,1526,4,,,0,35,,1524,4,,,0,267,,2389,4,,,0,35,,2390,4,,,0,75,,2391,4,,,0,44,,2392,4,,,0,69,,2393,4,,,0,32,,2394,4,,,0
601,'4754',845,,1535,4,,,0,98,,2397,4,,,0,164,,2398,4,,,0,124,,2396,4,,,0,124,,2399,4,,,0,164,,2400,4,,,0,124,,2395,4,,,0,164,,2401,4,,,0
601,'4755',845,,1543,4,,,0,98,,2404,4,,,0,164,,2405,4,,,0,124,,2403,4,,,0,124,,2406,4,,,0,164,,2407,4,,,0,124,,2402,4,,,0,164,,2408,4,,,0
601,'4881',632,,1562,4,,,0,70,,1563,4,,,0,623,,1565,4,,,0,75,,1566,4,,,0,35,,1564,4,,,0
601,'5441',735,,2409,4,,,0,75,,2410,4,,,0,35,,2411,4,,,0,75,,2412,4,,,0,35,,2414,4,,,0,75,,2415,4,,,0,75,,2416,4,,,0,35,,2413,4,,,0,75,,2417,4,,,0,35,,2418,4,,,0,260,,2419,4,,,0,35,,2420,4,,,0,75,,2421,4,,,0
601,'5442',1702,,2422,4,,,0,35,,2423,4,,,0,75,,2424,4,,,0,44,,2425,4,,,0
