301,'4159',848,,2127,2,0,12 13 14,0,82,,2128,2,0,12 13 14,0,82,,2129,2,0,12 13 14,0,42,,2130,2,0,12 13 14,0,82,,2131,2,0,12 13 14,0,82,,2132,2,0,12 13 14,0,82,,2124,2,0,12 13 14,0,42,,2125,2,0,12 13 14,0,82,,2126,2,0,12 13 14,0,82,,2122,2,0,12 13 14,0,42,,2123,2,0,12 13 14,0,82,,2118,2,0,12 13 14,0,82,,2121,2,0,12 13 14,0,42,,2119,2,0,12 13 14,0,82,,2120,2,0,12 13 14,0
301,'4616',808,,2133,2,0,12 13 14,0,40,,2138,2,0,12 13 14,0,80,,2134,2,0,12 13 14,0,80,,2136,2,0,12 13 14,0,40,,2135,2,0,12 13 14,0,80,,2137,2,0,12 13 14,0,80,,2140,2,0,12 13 14,0,40,,2139,2,0,12 13 14,0,80,,2141,2,0,12 13 14,0,80,,2142,2,0,12 13 14,0,40,,2143,2,0,12 13 14,0,80,,2144,2,0,12 13 14,0,80,,2145,2,0,12 13 14,0,40,,2146,2,0,12 13 14,0,80,,2147,2,0,12 13 14,0,80,,2148,2,0,12 13 14,0,40,,2149,2,0,12 13 14,0,80,,2150,2,0,12 13 14,0,79,,2151,2,0,12 13 14,0,40,,2152,2,0,12 13 14,0,80,,2153,2,0,12 13 14,0
301,'4753',854,,2158,2,0,12 13 14,0,174,,2157,2,0,12 13 14,0,126,,2156,2,0,12 13 14,0,362,,2155,2,0,12 13 14,0,100,,2154,2,0,12 13 14,0
301,'4754',848,,2168,2,0,12 13 14,0,82,,2169,2,0,12 13 14,0,82,,2170,2,0,12 13 14,0,42,,2171,2,0,12 13 14,0,82,,2172,2,0,12 13 14,0,82,,2173,2,0,12 13 14,0,82,,2165,2,0,12 13 14,0,42,,2166,2,0,12 13 14,0,82,,2167,2,0,12 13 14,0,82,,2163,2,0,12 13 14,0,42,,2164,2,0,12 13 14,0,82,,2159,2,0,12 13 14,0,82,,2162,2,0,12 13 14,0,42,,2160,2,0,12 13 14,0,82,,2161,2,0,12 13 14,0
301,'4755',848,,2183,2,0,12 13 14,0,82,,2184,2,0,12 13 14,0,82,,2185,2,0,12 13 14,0,42,,2186,2,0,12 13 14,0,82,,2187,2,0,12 13 14,0,82,,2188,2,0,12 13 14,0,82,,2180,2,0,12 13 14,0,42,,2181,2,0,12 13 14,0,82,,2182,2,0,12 13 14,0,82,,2178,2,0,12 13 14,0,42,,2179,2,0,12 13 14,0,82,,2174,2,0,12 13 14,0,82,,2177,2,0,12 13 14,0,42,,2175,2,0,12 13 14,0,82,,2176,2,0,12 13 14,0
301,'4880',606,,2189,2,0,12 13 14,0,40,,2191,2,0,12 13 14,0,77,,2202,2,0,12 13 14,0,91,,2203,2,0,12 13 14,0,105,,2209,2,0,12 13 14,0,25,,2204,2,0,12 13 14,0,166,,2201,2,0,12 13 14,0,127,,2200,2,0,12 13 14,0,89,,2199,2,0,12 13 14,0,25,,2208,2,0,12 13 14,0,65,,2198,2,0,12 13 14,0,30,,2207,2,0,12 13 14,0,100,,2205,2,0,12 13 14,0,100,,2197,2,0,12 13 14,0,70,,2206,2,0,12 13 14,0,38,,2196,2,0,12 13 14,0,80,,2195,2,0,12 13 14,0,80,,2194,2,0,12 13 14,0,42,,2193,2,0,12 13 14,0,85,,2192,2,0,12 13 14,0,85,,2190,2,0,12 13 14,0
301,'4881',854,,2214,2,0,12 13 14,0,174,,2213,2,0,12 13 14,0,126,,2212,2,0,12 13 14,0,362,,2211,2,0,12 13 14,0,100,,2210,2,0,12 13 14,0
701,'4159',803,,2426,2,,,0,220,,1571,2,,,0,220,,1574,2,,,0,260,,1575,2,,,0,220,,2427,2,,,0,110,,2428,2,,,0
701,'4616',803,,1577,2,,,0,110,,1578,2,,,0,110,,1579,2,,,0,109,,1580,2,,,0,111,,1581,2,,,0,108,,1582,2,,,0,152,,1583,2,,,0,110,,1584,2,,,0,120,,2429,2,,,0,109,,1586,2,,,0,159,,2430,2,,,0,120,,2431,2,,,0
701,'4753',652,,2432,2,,,0
701,'4754',803,,2433,2,,,0,220,,1590,2,,,0,220,,1593,2,,,0,260,,1594,2,,,0,220,,2434,2,,,0,110,,2435,2,,,0
701,'4755',803,,2436,2,,,0,220,,1596,2,,,0,220,,2438,2,,,0,260,,2439,2,,,0,220,,2437,2,,,0,110,,2440,2,,,0
701,'4880',810,,725,2,,,0,127,,724,2,,,0,79,,2442,2,,,0,95,,727,2,,,0,134,,726,2,,,0,95,,2444,2,,,0,80,,729,2,,,0,136,,728,2,,,0,177,,730,2,,,0,171,,731,2,,,0,97,,2443,2,,,0,120,,2441,2,,,0
701,'4881',652,,2445,2,,,0
801,'4159',912,,1606,2,,,0,220,,1605,2,,,0,220,,2447,2,,,0,260,,2446,2,,,0
801,'4616',838,,2448,2,,,0,110,,2449,2,,,0,110,,2450,2,,,0,150,,2451,2,,,0,111,,2452,2,,,0,109,,2453,2,,,0,109,,2454,2,,,0,121,,1607,2,,,0,150,,2455,2,,,0,111,,2456,2,,,0,122,,2457,2,,,0
801,'4753',614,,2458,2,,,0,121,,2459,2,,,0
801,'4754',912,,1616,2,,,0,220,,1615,2,,,0,220,,2461,2,,,0,260,,2460,2,,,0
801,'4755',912,,1620,2,,,0,220,,1619,2,,,0,220,,2463,2,,,0,260,,2462,2,,,0
801,'4880',856,,768,2,,,0,89,,770,2,,,0,81,,771,2,,,0,174,,765,2,,,0,135,,764,2,,,0,176,,763,2,,,0,137,,762,2,,,0,173,,767,2,,,0,124,,766,2,,,0,96,,2464,2,,,0
801,'4881',614,,2465,2,,,0,121,,2466,2,,,0
