300,'5478',847,,2036,20,4,,0,81,,2048,20,4,,0,80,,2053,20,4,,0,40,,2055,20,4,,0,81,,2056,20,4,,0,80,,2054,20,4,,0,41,,2052,20,4,,0,80,,2051,20,4,,0,81,,2050,20,4,,0,40,,2049,19,4,,0,80,,2047,19,4,,0,80,,2046,20,4,,0,40,,2042,20,4,,0,80,,2045,20,4,,0,79,,2044,20,4,,0,40,,2043,20,4,,0,79,,2041,20,4,,0,78,,2040,20,4,,0,38,,2039,20,4,,0,79,,2038,20,4,,0,80,,2037,20,4,,0
300,'5591',645,,2104,20,4,,0,80,,2103,20,4,,0,79,,2101,20,4,,0,51,,2099,20,4,,0,145,,2112,20,4,,0,26,,2105,20,4,,0,127,,2107,20,4,,0,168,,2093,20,4,,0,90,,2106,20,4,,0,25,,2111,20,4,,0,66,,2092,20,4,,0,30,,2110,20,4,,0,99,,2102,20,4,,0,100,,2100,20,4,,0,26,,2109,20,4,,0,78,,2108,20,4,,0,79,,2098,20,4,,0,39,,2096,20,4,,0,82,,2095,20,4,,0,84,,2097,20,4,,0,84,,2094,20,4,,0
300,'5592',935,,2113,20,4,,0,176,,2115,20,4,,0,127,,2116,20,4,,0,363,,2114,20,4,,0,100,,2117,20,4,,0
300,'5595',935,,2057,20,4,,0,176,,2059,20,4,,0,127,,2060,20,4,,0,363,,2058,20,4,,0,100,,2061,20,4,,0
300,'5596',928,,2021,20,4,,0,82,,2035,20,4,,0,42,,2034,20,4,,0,83,,2033,20,4,,0,82,,2032,20,4,,0,42,,2025,20,4,,0,82,,2031,20,4,,0,82,,2030,20,4,,0,82,,2029,20,4,,0,41,,2028,20,4,,0,83,,2027,20,4,,0,82,,2026,20,4,,0,42,,2024,20,4,,0,81,,2023,20,4,,0,82,,2022,20,4,,0
300,'5597',928,,2062,20,4,,0,82,,2076,20,4,,0,42,,2075,20,4,,0,83,,2074,20,4,,0,82,,2073,20,4,,0,42,,2066,20,4,,0,82,,2072,20,4,,0,82,,2071,20,4,,0,82,,2070,20,4,,0,41,,2069,20,4,,0,83,,2068,20,4,,0,82,,2067,20,4,,0,42,,2065,20,4,,0,81,,2064,20,4,,0,82,,2063,20,4,,0
300,'5598',928,,2077,20,4,,0,82,,2091,20,4,,0,42,,2090,20,4,,0,83,,2089,20,4,,0,82,,2088,20,4,,0,42,,2081,20,4,,0,82,,2087,20,4,,0,82,,2086,20,4,,0,82,,2085,20,4,,0,41,,2084,20,4,,0,83,,2083,20,4,,0,82,,2082,20,4,,0,42,,2080,20,4,,0,81,,2079,20,4,,0,82,,2078,20,4,,0
301,'5478',805,,2133,1,0,12 13 14,0,40,,2138,1,0,12 13 14,0,80,,2134,1,0,12 13 14,0,80,,2136,1,0,12 13 14,0,40,,2135,1,0,12 13 14,0,80,,2137,1,0,12 13 14,0,80,,2140,1,0,12 13 14,0,40,,2139,1,0,12 13 14,0,80,,2141,1,0,12 13 14,0,80,,2142,1,0,12 13 14,0,40,,2143,1,0,12 13 14,0,80,,2144,1,0,12 13 14,0,80,,2145,1,0,12 13 14,0,40,,2146,1,0,12 13 14,0,80,,2147,1,0,12 13 14,0,80,,2148,1,0,12 13 14,0,40,,2149,1,0,12 13 14,0,80,,2150,1,0,12 13 14,0,80,,2151,1,0,12 13 14,0,40,,2152,1,0,12 13 14,0,80,,2153,1,0,12 13 14,0
301,'5591',603,,2189,1,0,12 13 14,0,40,,2191,1,0,12 13 14,0,77,,2202,1,0,12 13 14,0,91,,2203,1,0,12 13 14,0,105,,2209,1,0,12 13 14,0,25,,2204,1,0,12 13 14,0,166,,2201,1,0,12 13 14,0,127,,2200,1,0,12 13 14,0,89,,2199,1,0,12 13 14,0,25,,2208,1,0,12 13 14,0,65,,2198,1,0,12 13 14,0,30,,2207,1,0,12 13 14,0,100,,2205,1,0,12 13 14,0,100,,2197,1,0,12 13 14,0,70,,2206,1,0,12 13 14,0,38,,2196,1,0,12 13 14,0,80,,2195,1,0,12 13 14,0,81,,2194,1,0,12 13 14,0,42,,2193,1,0,12 13 14,0,85,,2192,1,0,12 13 14,0,85,,2190,1,0,12 13 14,0
301,'5592',851,,2214,1,0,12 13 14,0,174,,2213,1,0,12 13 14,0,126,,2212,1,0,12 13 14,0,362,,2211,1,0,12 13 14,0,100,,2210,1,0,12 13 14,0
301,'5595',851,,2158,1,0,12 13 14,0,174,,2157,1,0,12 13 14,0,126,,2156,1,0,12 13 14,0,362,,2155,1,0,12 13 14,0,100,,2154,1,0,12 13 14,0
301,'5596',845,,2127,1,0,12 13 14,0,82,,2128,1,0,12 13 14,0,82,,2129,1,0,12 13 14,0,42,,2130,1,0,12 13 14,0,82,,2131,1,0,12 13 14,0,82,,2132,1,0,12 13 14,0,42,,2124,1,0,12 13 14,0,82,,2125,1,0,12 13 14,0,82,,2126,1,0,12 13 14,0,82,,2122,1,0,12 13 14,0,42,,2123,1,0,12 13 14,0,82,,2118,1,0,12 13 14,0,82,,2121,1,0,12 13 14,0,42,,2119,1,0,12 13 14,0,82,,2120,1,0,12 13 14,0
301,'5597',845,,2168,1,0,12 13 14,0,82,,2169,1,0,12 13 14,0,82,,2170,1,0,12 13 14,0,42,,2171,1,0,12 13 14,0,82,,2172,1,0,12 13 14,0,82,,2173,1,0,12 13 14,0,42,,2165,1,0,12 13 14,0,82,,2166,1,0,12 13 14,0,82,,2167,1,0,12 13 14,0,82,,2163,1,0,12 13 14,0,42,,2164,1,0,12 13 14,0,82,,2159,1,0,12 13 14,0,82,,2162,1,0,12 13 14,0,42,,2160,1,0,12 13 14,0,82,,2161,1,0,12 13 14,0
301,'5598',845,,2183,1,0,12 13 14,0,82,,2184,1,0,12 13 14,0,82,,2185,1,0,12 13 14,0,42,,2186,1,0,12 13 14,0,82,,2187,1,0,12 13 14,0,82,,2188,1,0,12 13 14,0,42,,2180,1,0,12 13 14,0,82,,2181,1,0,12 13 14,0,82,,2182,1,0,12 13 14,0,82,,2178,1,0,12 13 14,0,42,,2179,1,0,12 13 14,0,82,,2174,1,0,12 13 14,0,82,,2177,1,0,12 13 14,0,42,,2175,1,0,12 13 14,0,82,,2176,1,0,12 13 14,0
501,'5478',814,,1406,1,,,0,26,,1406,31,4,,0,14,,2254,1,,,0,66,,2254,31,4,,0,14,,2256,1,,,0,66,,2256,31,4,,0,14,,2255,1,,,0,26,,2255,31,4,,0,14,,2257,1,,,0,66,,2257,31,4,,0,14,,2258,1,,,0,66,,2258,31,4,,0,14,,2259,1,,,0,26,,2259,31,4,,0,14,,2260,1,,,0,66,,2260,31,4,,0,14,,2261,1,,,0,66,,2261,31,4,,0,14,,2262,1,,,0,26,,2262,31,4,,0,14,,2263,1,,,0,66,,2263,31,4,,0,14,,2264,1,,,0,66,,2264,31,4,,0,14,,2265,1,,,0,26,,2265,31,4,,0,14,,2266,1,,,0,66,,2266,31,4,,0,14,,2267,1,,,0,66,,2267,31,4,,0,14,,2268,1,,,0,26,,2268,31,4,,0,14,,2269,1,,,0,66,,2269,31,4,,0,14,,2270,1,,,0,66,,2270,31,4,,0,14,,2271,1,,,0,26,,2271,31,4,,0,14,,1418,1,,,0,66,,1418,31,4,,0,14,,2272,1,,,0,66,,2272,31,4,,0
501,'5591',610,,2294,1,,,0,26,,2294,31,4,,0,14,,2295,1,,,0,66,,2295,31,4,,0,15,,2296,1,,,0,27,,2296,31,4,,0,44,,2297,1,,,0,27,,2297,31,4,,0,4,,2312,1,,,0,67,,2312,31,4,,0,7,,2298,1,,,0,27,,2298,31,4,,0,101,,2300,1,,,0,67,,2300,31,4,,0,98,,2299,1,,,0,29,,2299,31,4,,0,110,,2301,1,,,0,67,,2301,31,4,,0,103,,2303,1,,,0,33,,2303,31,4,,0,7,,2302,1,,,0,68,,2302,31,4,,0,15,,2304,1,,,0,27,,2304,31,4,,0,57,,2305,1,,,0,26,,2305,31,4,,0,17,,2307,1,,,0,66,,2307,31,4,,0,17,,2308,1,,,0,65,,2308,31,4,,0,18,,2306,1,,,0,25,,2306,31,4,,0,58,,2309,1,,,0,25,,2309,31,4,,0,18,,2311,1,,,0,65,,2311,31,4,,0,18,,2310,1,,,0,25,,2310,31,4,,0
501,'5592',817,,2317,1,,,0,27,,2317,31,4,,0,107,,2314,1,,,0,69,,2314,31,4,,0,99,,2313,1,,,0,27,,2313,31,4,,0,103,,2315,1,,,0,67,,2315,31,4,,0,113,,2316,1,,,0,73,,2316,31,4,,0
501,'5595',817,,2277,1,,,0,27,,2277,31,4,,0,107,,2274,1,,,0,69,,2274,31,4,,0,99,,2273,1,,,0,27,,2273,31,4,,0,103,,2275,1,,,0,67,,2275,31,4,,0,113,,2276,1,,,0,73,,2276,31,4,,0
501,'5596',854,,2246,1,,,0,66,,2246,31,4,,0,93,,2247,1,,,0,27,,2247,31,4,,0,97,,2248,1,,,0,67,,2248,31,4,,0,97,,2249,1,,,0,27,,2249,31,4,,0,97,,2250,1,,,0,29,,2250,31,4,,0,95,,2251,1,,,0,66,,2251,31,4,,0,98,,2252,1,,,0,26,,2252,31,4,,0,98,,2253,1,,,0,65,,2253,31,4,,0
501,'5597',854,,2278,1,,,0,66,,2278,31,4,,0,93,,2279,1,,,0,27,,2279,31,4,,0,97,,2280,1,,,0,67,,2280,31,4,,0,97,,2281,1,,,0,27,,2281,31,4,,0,97,,2282,1,,,0,29,,2282,31,4,,0,95,,2283,1,,,0,66,,2283,31,4,,0,98,,2284,1,,,0,26,,2284,31,4,,0,98,,2285,1,,,0,65,,2285,31,4,,0
501,'5598',854,,2286,1,,,0,66,,2286,31,4,,0,93,,2287,1,,,0,27,,2287,31,4,,0,97,,2288,1,,,0,67,,2288,31,4,,0,97,,2289,1,,,0,27,,2289,31,4,,0,97,,2290,1,,,0,29,,2290,31,4,,0,95,,2291,1,,,0,66,,2291,31,4,,0,98,,2292,1,,,0,26,,2292,31,4,,0,98,,2293,1,,,0,65,,2293,31,4,,0
