501,'4159',918,,2246,30,,,0,120,,2247,30,,,0,164,,2248,30,,,0,124,,2249,30,,,0,126,,2250,30,,,0,161,,2251,30,,,0,124,,2252,30,,,0,163,,2253,30,,,0
501,'4616',839,,1406,30,,,0,80,,2254,30,,,0,40,,2256,30,,,0,80,,2255,30,,,0,80,,2257,30,,,0,40,,2258,30,,,0,80,,2259,30,,,0,80,,2260,30,,,0,40,,2261,30,,,0,80,,2262,30,,,0,80,,2263,30,,,0,40,,2264,30,,,0,80,,2265,30,,,0,80,,2266,30,,,0,40,,2267,30,,,0,80,,2268,30,,,0,80,,2269,30,,,0,40,,2270,30,,,0,80,,2271,30,,,0,80,,1418,30,,,0,40,,2272,30,,,0
501,'4753',842,,2277,30,,,0,176,,2274,30,,,0,126,,2273,30,,,0,170,,2275,30,,,0,145,,2276,30,,,0
501,'4754',918,,2278,30,,,0,120,,2279,30,,,0,164,,2280,30,,,0,124,,2281,30,,,0,126,,2282,30,,,0,161,,2283,30,,,0,124,,2284,30,,,0,163,,2285,30,,,0
501,'4755',918,,2286,30,,,0,120,,2287,30,,,0,164,,2288,30,,,0,124,,2289,30,,,0,126,,2290,30,,,0,161,,2291,30,,,0,124,,2292,30,,,0,163,,2293,30,,,0
501,'5441',634,,2294,30,,,0,80,,2295,30,,,0,42,,2296,30,,,0,71,,2297,30,,,0,31,,2312,30,,,0,74,,2298,30,,,0,168,,2300,30,,,0,127,,2299,30,,,0,177,,2301,30,,,0,136,,2303,30,,,0,75,,2302,30,,,0,42,,2304,30,,,0,83,,2305,30,,,0,83,,2307,30,,,0,82,,2308,30,,,0,43,,2306,30,,,0,83,,2309,30,,,0,83,,2311,30,,,0,43,,2310,30,,,0
501,'5442',842,,2317,30,,,0,176,,2314,30,,,0,126,,2313,30,,,0,170,,2315,30,,,0,145,,2316,30,,,0
600,'4159',905,,1440,8,,,0,98,,2321,8,,,0,124,,2324,8,,,0,124,,2323,8,,,0,164,,2322,8,,,0,124,,2320,8,,,0,164,,2319,8,,,0,123,,2318,8,,,0
600,'4616',905,,1449,8,,,0,35,,2331,8,,,0,75,,1452,8,,,0,35,,2334,8,,,0,75,,1451,8,,,0,75,,2333,8,,,0,35,,1450,8,,,0,75,,2332,8,,,0,35,,1448,8,,,0,75,,2330,8,,,0,35,,1447,8,,,0,75,,2328,8,,,0,75,,1446,8,,,0,35,,2329,8,,,0,82,,2327,8,,,0,35,,2326,8,,,0,75,,1444,8,,,0,84,,2325,8,,,0,24,,1442,8,,,0,76,,1441,8,,,0
600,'4753',652,,1463,8,,,0,70,,1462,8,,,0,624,,1461,8,,,0,76,,1460,8,,,0,35,,1459,8,,,0,266,,2340,8,,,0,35,,2339,8,,,0,74,,2337,8,,,0,84,,2338,8,,,0,28,,2336,8,,,0,72,,2335,8,,,0
600,'4754',905,,1471,8,,,0,98,,2344,8,,,0,124,,2347,8,,,0,124,,2346,8,,,0,164,,2345,8,,,0,124,,2343,8,,,0,164,,2342,8,,,0,123,,2341,8,,,0
600,'4755',905,,1479,8,,,0,98,,2351,8,,,0,124,,2354,8,,,0,124,,2353,8,,,0,164,,2352,8,,,0,124,,2350,8,,,0,164,,2349,8,,,0,123,,2348,8,,,0
600,'4881',652,,1501,8,,,0,70,,1500,8,,,0,624,,1499,8,,,0,76,,1498,8,,,0,35,,1497,8,,,0
600,'5441',755,,2367,8,,,0,75,,2365,8,,,0,75,,2364,8,,,0,35,,2362,8,,,0,75,,2366,8,,,0,35,,2363,8,,,0,75,,2361,8,,,0,77,,2360,8,,,0,35,,2359,8,,,0,74,,2358,8,,,0,222,,2357,8,,,0,75,,2356,8,,,0,33,,2355,8,,,0
600,'5442',1723,,2371,8,,,0,35,,2370,8,,,0,74,,2368,8,,,0,84,,2369,8,,,0
