501,'4159',916,,2246,29,,,0,120,,2247,29,,,0,164,,2248,29,,,0,124,,2249,29,,,0,127,,2250,29,,,0,161,,2251,29,,,0,124,,2252,29,,,0,123,,2253,29,,,0
501,'4616',837,,1406,29,,,0,80,,2254,29,,,0,40,,2256,29,,,0,80,,2255,29,,,0,80,,2257,29,,,0,40,,2258,29,,,0,80,,2259,29,,,0,80,,2260,29,,,0,40,,2261,29,,,0,80,,2262,29,,,0,80,,2263,29,,,0,40,,2264,29,,,0,80,,2265,29,,,0,80,,2266,29,,,0,40,,2267,29,,,0,80,,2268,29,,,0,80,,2269,29,,,0,40,,2270,29,,,0,80,,2271,29,,,0,80,,1418,29,,,0,40,,2272,29,,,0
501,'4753',841,,2277,29,,,0,176,,2274,29,,,0,126,,2273,29,,,0,170,,2275,29,,,0,144,,2276,29,,,0
501,'4754',916,,2278,29,,,0,120,,2279,29,,,0,164,,2280,29,,,0,124,,2281,29,,,0,127,,2282,29,,,0,161,,2283,29,,,0,124,,2284,29,,,0,123,,2285,29,,,0
501,'4755',916,,2286,29,,,0,120,,2287,29,,,0,164,,2288,29,,,0,124,,2289,29,,,0,127,,2290,29,,,0,161,,2291,29,,,0,124,,2292,29,,,0,123,,2293,29,,,0
501,'4880',633,,2294,29,,,0,80,,2295,29,,,0,42,,2296,29,,,0,71,,2297,29,,,0,31,,2312,29,,,0,74,,2298,29,,,0,128,,2300,29,,,0,167,,2299,29,,,0,177,,2301,29,,,0,135,,2303,29,,,0,75,,2302,29,,,0,43,,2304,29,,,0,83,,2305,29,,,0,83,,2307,29,,,0,82,,2308,29,,,0,43,,2306,29,,,0,83,,2309,29,,,0,83,,2311,29,,,0,43,,2310,29,,,0
501,'4881',841,,2317,29,,,0,176,,2314,29,,,0,126,,2313,29,,,0,170,,2315,29,,,0,144,,2316,29,,,0
600,'4159',903,,1440,7,,,0,98,,2321,7,,,0,124,,2324,7,,,0,124,,2323,7,,,0,165,,2322,7,,,0,124,,2320,7,,,0,163,,2319,7,,,0,124,,2318,7,,,0
600,'4616',903,,1449,7,,,0,35,,2331,7,,,0,75,,1452,7,,,0,35,,2334,7,,,0,75,,1451,7,,,0,35,,2333,7,,,0,75,,1450,7,,,0,75,,2332,7,,,0,35,,1448,7,,,0,76,,2330,7,,,0,35,,1447,7,,,0,74,,2328,7,,,0,75,,1446,7,,,0,35,,2329,7,,,0,82,,2327,7,,,0,35,,2326,7,,,0,75,,1444,7,,,0,84,,2325,7,,,0,25,,1442,7,,,0,76,,1441,7,,,0
600,'4753',651,,1463,7,,,0,70,,1462,7,,,0,624,,1461,7,,,0,75,,1460,7,,,0,35,,1459,7,,,0,267,,2340,7,,,0,35,,2339,7,,,0,74,,2337,7,,,0,83,,2338,7,,,0,29,,2336,7,,,0,72,,2335,7,,,0
600,'4754',903,,1471,7,,,0,98,,2344,7,,,0,124,,2347,7,,,0,124,,2346,7,,,0,165,,2345,7,,,0,124,,2343,7,,,0,163,,2342,7,,,0,124,,2341,7,,,0
600,'4755',903,,1479,7,,,0,98,,2351,7,,,0,124,,2354,7,,,0,124,,2353,7,,,0,165,,2352,7,,,0,124,,2350,7,,,0,163,,2349,7,,,0,124,,2348,7,,,0
600,'4880',754,,2367,7,,,0,75,,2365,7,,,0,75,,2364,7,,,0,35,,2362,7,,,0,75,,2366,7,,,0,35,,2363,7,,,0,75,,2361,7,,,0,76,,2360,7,,,0,35,,2359,7,,,0,75,,2358,7,,,0,221,,2357,7,,,0,75,,2356,7,,,0,34,,2355,7,,,0
600,'4881',651,,1501,7,,,0,70,,1500,7,,,0,624,,1499,7,,,0,75,,1498,7,,,0,35,,1497,7,,,0,267,,2371,7,,,0,35,,2370,7,,,0,74,,2368,7,,,0,83,,2369,7,,,0
