900,'4159',925,,1623,5,,,0,32,,1629,5,,,0,72,,790,5,,,0,72,,1628,5,,,0,32,,788,5,,,0,72,,1627,5,,,0,33,,785,5,,,0,72,,784,5,,,0,32,,1625,5,,,0,72,,1626,5,,,0,32,,1624,5,,,0,72,,781,5,,,0,31,,780,5,,,0,72,,776,5,,,0,32,,779,5,,,0,72,,778,5,,,0,32,,777,5,,,0,72,,775,5,,,0
900,'4616',853,,2467,5,,,0,72,,1648,5,,,0,33,,2478,5,,,0,72,,1646,5,,,0,72,,2477,5,,,0,32,,1647,5,,,0,72,,2476,5,,,0,32,,1645,5,,,0,72,,2475,5,,,0,32,,1644,5,,,0,72,,2474,5,,,0,32,,1642,5,,,0,72,,2473,5,,,0,32,,1640,5,,,0,72,,2472,5,,,0,32,,2471,5,,,0,71,,1638,5,,,0,32,,1637,5,,,0,72,,1636,5,,,0,72,,1635,5,,,0,32,,1634,5,,,0,72,,1633,5,,,0,32,,2470,5,,,0,72,,2469,5,,,0,32,,2468,5,,,0
900,'4753',1524,,1656,5,,,0,77,,1659,5,,,0,37,,1655,5,,,0,76,,1660,5,,,0,37,,1654,5,,,0,76,,1649,5,,,0,32,,1651,5,,,0,73,,1658,5,,,0,72,,1657,5,,,0,32,,1653,5,,,0,72,,1650,5,,,0,32,,1652,5,,,0
900,'4754',925,,1661,5,,,0,32,,1667,5,,,0,72,,845,5,,,0,72,,1666,5,,,0,32,,843,5,,,0,72,,1665,5,,,0,33,,840,5,,,0,72,,839,5,,,0,32,,1663,5,,,0,72,,1664,5,,,0,32,,1662,5,,,0,72,,836,5,,,0,31,,835,5,,,0,72,,831,5,,,0,32,,834,5,,,0,72,,833,5,,,0,32,,832,5,,,0,72,,830,5,,,0
900,'4755',925,,1668,5,,,0,32,,1674,5,,,0,72,,863,5,,,0,72,,1673,5,,,0,32,,861,5,,,0,72,,1672,5,,,0,33,,858,5,,,0,72,,857,5,,,0,32,,2480,5,,,0,72,,2481,5,,,0,32,,2479,5,,,0,72,,854,5,,,0,31,,853,5,,,0,72,,849,5,,,0,32,,852,5,,,0,72,,851,5,,,0,32,,850,5,,,0,72,,848,5,,,0
900,'4880',736,,870,5,,,0,76,,887,5,,,0,37,,871,5,,,0,76,,869,5,,,0
900,'4881',1524,,1679,5,,,0,77,,1681,5,,,0,37,,1678,5,,,0,76,,1682,5,,,0,37,,1677,5,,,0,76,,1675,5,,,0,32,,1676,5,,,0,73,,1680,5,,,0
900,'5441',718,,2495,5,,,0,36,,2488,5,,,0,77,,2487,5,,,0,76,,2490,5,,,0,36,,2497,5,,,0,76,,2494,5,,,0,36,,2500,5,,,0,76,,2499,5,,,0,76,,2493,5,,,0,36,,2492,5,,,0,76,,2491,5,,,0,35,,2496,5,,,0,76,,2482,5,,,0,76,,2484,5,,,0,37,,2498,5,,,0,77,,2489,5,,,0,37,,2483,5,,,0,76,,2485,5,,,0,76,,2486,5,,,0
6001,'4616',1047,,1028,19,,,0,174,,1027,19,,,0,227,,1029,19,,,0,171,,1030,19,,,0
6001,'5441',706,,2543,23,,,0,242,,2540,23,,,0,175,,2544,19,,,0,396,,2542,23,,,0,217,,2541,23,,,0
