901,'4159',912,,1688,5,,,0,32,,1689,5,,,0,72,,911,5,,,0,32,,1683,5,,,0,72,,898,5,,,0,32,,1684,5,,,0,72,,900,5,,,0,32,,896,5,,,0,72,,1685,5,,,0,72,,1686,5,,,0,32,,1687,5,,,0,72,,904,5,,,0,32,,905,5,,,0,72,,906,5,,,0,32,,907,5,,,0,72,,912,5,,,0,32,,909,5,,,0,72,,913,5,,,0
901,'4616',840,,2501,5,,,0,72,,1691,5,,,0,32,,2503,5,,,0,72,,1690,5,,,0,32,,2502,5,,,0,72,,1692,5,,,0,32,,2504,5,,,0,72,,1693,5,,,0,32,,2505,5,,,0,72,,1694,5,,,0,72,,2506,5,,,0,32,,1695,5,,,0,72,,2507,5,,,0,32,,1697,5,,,0,72,,2508,5,,,0,32,,2509,5,,,0,72,,1700,5,,,0,32,,1701,5,,,0,72,,1702,5,,,0,32,,1703,5,,,0,72,,1704,5,,,0,32,,1706,5,,,0,72,,2511,5,,,0,32,,2512,5,,,0,72,,2510,5,,,0
901,'4753',1509,,1720,5,,,0,37,,1719,5,,,0,77,,1714,5,,,0,77,,1713,5,,,0,37,,1712,5,,,0,76,,1711,5,,,0,33,,1710,5,,,0,73,,1709,5,,,0,33,,1715,5,,,0,72,,1716,5,,,0,32,,1717,5,,,0,72,,1718,5,,,0
901,'4754',912,,1726,5,,,0,32,,1727,5,,,0,72,,966,5,,,0,32,,1721,5,,,0,72,,953,5,,,0,32,,1722,5,,,0,72,,955,5,,,0,32,,951,5,,,0,72,,1723,5,,,0,72,,1724,5,,,0,32,,1725,5,,,0,72,,959,5,,,0,32,,960,5,,,0,72,,961,5,,,0,32,,962,5,,,0,72,,967,5,,,0,32,,964,5,,,0,72,,968,5,,,0
901,'4755',912,,1733,5,,,0,32,,1734,5,,,0,72,,984,5,,,0,32,,1728,5,,,0,72,,971,5,,,0,32,,1729,5,,,0,72,,973,5,,,0,32,,969,5,,,0,72,,2513,5,,,0,72,,2514,5,,,0,32,,2515,5,,,0,72,,977,5,,,0,32,,978,5,,,0,72,,979,5,,,0,32,,980,5,,,0,72,,985,5,,,0,32,,982,5,,,0,72,,986,5,,,0
901,'4880',723,,998,5,,,0,36,,1002,5,,,0,76,,999,5,,,0,76,,1000,5,,,0
901,'4881',1509,,1742,5,,,0,37,,1741,5,,,0,77,,1740,5,,,0,77,,1739,5,,,0,37,,1738,5,,,0,76,,1737,5,,,0,33,,1736,5,,,0,73,,1735,5,,,0
901,'5441',705,,2516,5,,,0,36,,2525,5,,,0,76,,2526,5,,,0,36,,2524,5,,,0,76,,2534,5,,,0,75,,2533,5,,,0,36,,2521,5,,,0,76,,2523,5,,,0,36,,2528,5,,,0,76,,2522,5,,,0,76,,2520,5,,,0,35,,2529,5,,,0,76,,2530,5,,,0,36,,2532,5,,,0,77,,2517,5,,,0,77,,2519,5,,,0,37,,2518,5,,,0,77,,2527,5,,,0,36,,2531,5,,,0
6000,'4616',942,,1019,5,0,5 6,0,166,,1018,5,0,5 6,0,227,,1020,5,0,5 6,0,175,,1021,5,0,5 6,0
6000,'5441',750,,2537,4,,,0,262,,2536,4,0,5 6,0,308,,2538,4,,,0,223,,2535,4,,,0,257,,2539,4,,,0
