600,'4159',855,,1440,1,,,0,98,,2321,1,,,0,164,,2324,1,,,0,124,,2323,1,,,0,164,,2322,1,,,0,124,,2320,1,,,0,124,,2319,1,,,0,164,,2318,1,,,0
600,'4616',855,,1449,1,,,0,75,,2331,1,,,0,75,,1452,1,,,0,35,,2334,1,,,0,75,,1451,1,,,0,35,,2333,1,,,0,75,,1450,1,,,0,75,,2332,1,,,0,35,,1448,1,,,0,75,,2330,1,,,0,35,,1447,1,,,0,75,,2328,1,,,0,35,,1446,1,,,0,75,,2329,1,,,0,82,,2327,1,,,0,35,,2326,1,,,0,75,,1444,1,,,0,84,,2325,1,,,0,25,,1442,1,,,0,76,,1441,1,,,0
600,'4753',642,,1463,1,,,0,70,,1462,1,,,0,624,,1461,1,,,0,75,,1460,1,,,0,35,,1459,1,,,0,267,,2340,1,,,0,35,,2339,1,,,0,74,,2337,1,,,0,84,,2338,1,,,0,29,,2336,1,,,0,72,,2335,1,,,0
600,'4754',855,,1471,1,,,0,98,,2344,1,,,0,164,,2347,1,,,0,124,,2346,1,,,0,164,,2345,1,,,0,124,,2343,1,,,0,124,,2342,1,,,0,164,,2341,1,,,0
600,'4755',855,,1479,1,,,0,98,,2351,1,,,0,164,,2354,1,,,0,124,,2353,1,,,0,164,,2352,1,,,0,124,,2350,1,,,0,124,,2349,1,,,0,164,,2348,1,,,0
600,'4881',642,,1501,1,,,0,70,,1500,1,,,0,624,,1499,1,,,0,75,,1498,1,,,0,35,,1497,1,,,0
600,'5441',745,,2367,1,,,0,75,,2365,1,,,0,35,,2364,1,,,0,75,,2362,1,,,0,75,,2366,1,,,0,35,,2363,1,,,0,75,,2361,1,,,0,36,,2360,1,,,0,75,,2359,1,,,0,75,,2358,1,,,0,221,,2357,1,,,0,35,,2356,1,,,0,74,,2355,1,,,0
600,'5442',1713,,2371,1,,,0,35,,2370,1,,,0,74,,2368,1,,,0,84,,2369,1,,,0
601,'4159',853,,1504,8,4,,0,98,,2374,8,4,,0,164,,2375,8,4,,0,124,,2373,8,4,,0,164,,2376,8,4,,0,124,,2377,8,4,,0,124,,2372,8,4,,0,164,,2378,8,4,,0
601,'4616',853,,1511,8,4,,0,75,,2379,8,4,,0,75,,1510,8,4,,0,35,,2380,8,4,,0,75,,1512,8,4,,0,35,,2381,8,4,,0,75,,1513,8,4,,0,35,,2382,8,4,,0,75,,1514,8,4,,0,75,,2383,8,4,,0,35,,1515,8,4,,0,75,,2384,8,4,,0,35,,1516,8,4,,0,75,,2385,8,4,,0,82,,2386,8,4,,0,35,,2387,8,4,,0,75,,1518,8,4,,0,84,,2388,8,4,,0,25,,1521,8,4,,0,76,,1520,8,4,,0
601,'4753',640,,1522,8,4,,0,70,,1523,8,4,,0,624,,1525,8,4,,0,75,,1526,8,4,,0,35,,1524,8,4,,0,267,,2389,8,4,,0,35,,2390,8,4,,0,74,,2391,8,4,,0,84,,2392,8,4,,0,29,,2393,8,4,,0,72,,2394,8,4,,0
601,'4754',853,,1535,8,4,,0,98,,2397,8,4,,0,164,,2398,8,4,,0,124,,2396,8,4,,0,164,,2399,8,4,,0,124,,2400,8,4,,0,124,,2395,8,4,,0,164,,2401,8,4,,0
601,'4755',853,,1543,8,4,,0,98,,2404,8,4,,0,164,,2405,8,4,,0,124,,2403,8,4,,0,164,,2406,8,4,,0,124,,2407,8,4,,0,124,,2402,8,4,,0,164,,2408,8,4,,0
601,'4881',640,,1562,8,4,,0,70,,1563,8,4,,0,624,,1565,8,4,,0,75,,1566,8,4,,0,35,,1564,8,4,,0
601,'5441',743,,2409,8,4,,0,75,,2410,8,4,,0,35,,2411,8,4,,0,75,,2412,8,4,,0,75,,2414,8,4,,0,35,,2415,8,4,,0,75,,2416,8,4,,0,36,,2413,8,4,,0,75,,2417,8,4,,0,35,,2418,8,4,,0,261,,2419,8,4,,0,35,,2420,8,4,,0,74,,2421,8,4,,0
601,'5442',1711,,2422,8,4,,0,35,,2423,8,4,,0,74,,2424,8,4,,0,84,,2425,8,4,,0
9000,'4159',1043,,1046,14,,,0,200,,1050,14,,,0,200,,1047,14,,,0,200,,1048,14,,,0,200,,1049,14,,,0
9000,'4616',943,,1051,14,,,0,100,,1055,14,,,0,100,,1052,14,,,0,100,,1056,14,,,0,400,,1054,14,,,0,100,,1057,14,,,0,100,,1053,14,,,0,100,,1058,14,,,0
9000,'4754',1043,,1059,14,,,0,200,,1063,14,,,0,200,,1060,14,,,0,200,,1061,14,,,0,200,,1062,14,,,0
9000,'4880',843,,1065,14,,,0,200,,1066,14,,,0,200,,1067,14,,,0,100,,1068,14,,,0,100,,1069,14,,,0,200,,1070,14,,,0,100,,1071,14,,,0,100,,1072,14,,,0,200,,1073,14,,,0
9000,'5441',943,,2547,14,,,0
9001,'4159',907,,1074,3,,,0,200,,1076,3,,,0,200,,1075,3,,,0,200,,1077,3,,,0,200,,1078,3,,,0
9001,'4616',807,,1079,3,,,0,100,,1083,3,,,0,100,,1080,3,,,0,100,,1084,3,,,0,400,,1082,3,,,0,100,,1085,3,,,0,100,,1081,3,,,0,100,,1086,3,,,0
9001,'4754',907,,1087,3,,,0,200,,1089,3,,,0,200,,1088,3,,,0,200,,1090,3,,,0,200,,1091,3,,,0
9001,'4880',707,,1093,3,,,0,200,,1094,3,,,0,200,,1095,3,,,0,100,,1096,3,,,0,100,,1097,3,,,0,200,,1098,3,,,0,100,,1099,3,,,0,100,,1100,3,,,0,200,,1101,3,,,0
9001,'5441',807,,2548,3,,,0
