600,'4159',907,,1440,9,4,,0,98,,2321,9,4,,0,124,,2324,9,4,,0,124,,2323,9,4,,0,165,,2322,9,4,,0,124,,2320,9,4,,0,163,,2319,9,4,,0,123,,2318,9,4,,0
600,'4616',907,,1449,9,4,,0,35,,2331,9,4,,0,75,,1452,9,4,,0,35,,2334,9,4,,0,75,,1451,9,4,,0,75,,2333,9,4,,0,35,,1450,9,4,,0,75,,2332,9,4,,0,35,,1448,9,4,,0,76,,2330,9,4,,0,35,,1447,9,4,,0,74,,2328,9,4,,0,75,,1446,9,4,,0,35,,2329,9,4,,0,82,,2327,9,4,,0,35,,2326,9,4,,0,75,,1444,9,4,,0,84,,2325,9,4,,0,24,,1442,9,4,,0,76,,1441,9,4,,0
600,'4753',655,,1463,9,4,,0,70,,1462,9,4,,0,624,,1461,9,4,,0,76,,1460,9,4,,0,75,,1459,9,4,,0,226,,2340,9,4,,0,75,,2339,9,4,,0,34,,2337,9,4,,0,83,,2338,9,4,,0,28,,2336,9,4,,0,72,,2335,9,4,,0
600,'4754',907,,1471,9,4,,0,98,,2344,9,4,,0,124,,2347,9,4,,0,124,,2346,9,4,,0,165,,2345,9,4,,0,124,,2343,9,4,,0,163,,2342,9,4,,0,123,,2341,9,4,,0
600,'4755',907,,1479,9,4,,0,98,,2351,9,4,,0,124,,2354,9,4,,0,124,,2353,9,4,,0,165,,2352,9,4,,0,124,,2350,9,4,,0,163,,2349,9,4,,0,123,,2348,9,4,,0
600,'4881',655,,1501,9,4,,0,70,,1500,9,4,,0,624,,1499,9,4,,0,76,,1498,9,4,,0,75,,1497,9,4,,0
600,'5441',758,,2367,9,4,,0,75,,2365,9,4,,0,75,,2364,9,4,,0,35,,2362,9,4,,0,75,,2366,9,4,,0,35,,2363,9,4,,0,75,,2361,9,4,,0,77,,2360,9,4,,0,35,,2359,9,4,,0,74,,2358,9,4,,0,222,,2357,9,4,,0,75,,2356,9,4,,0,33,,2355,9,4,,0
600,'5442',1726,,2371,9,4,,0,75,,2370,9,4,,0,34,,2368,9,4,,0,83,,2369,9,4,,0
601,'4159',842,,1504,1,,,0,98,,2374,1,,,0,164,,2375,1,,,0,124,,2373,1,,,0,124,,2376,1,,,0,164,,2377,1,,,0,124,,2372,1,,,0,164,,2378,1,,,0
601,'4616',842,,1511,1,,,0,75,,2379,1,,,0,35,,1510,1,,,0,75,,2380,1,,,0,75,,1512,1,,,0,35,,2381,1,,,0,75,,1513,1,,,0,35,,2382,1,,,0,75,,1514,1,,,0,35,,2383,1,,,0,75,,1515,1,,,0,75,,2384,1,,,0,35,,1516,1,,,0,75,,2385,1,,,0,42,,2386,1,,,0,75,,2387,1,,,0,75,,1518,1,,,0,44,,2388,1,,,0,66,,1521,1,,,0,36,,1520,1,,,0
601,'4753',629,,1522,1,,,0,30,,1523,1,,,0,663,,1525,1,,,0,35,,1526,1,,,0,75,,1524,1,,,0,227,,2389,1,,,0,75,,2390,1,,,0,75,,2391,1,,,0,44,,2392,1,,,0,70,,2393,1,,,0,32,,2394,1,,,0
601,'4754',842,,1535,1,,,0,98,,2397,1,,,0,164,,2398,1,,,0,124,,2396,1,,,0,124,,2399,1,,,0,164,,2400,1,,,0,124,,2395,1,,,0,164,,2401,1,,,0
601,'4755',842,,1543,1,,,0,98,,2404,1,,,0,164,,2405,1,,,0,124,,2403,1,,,0,124,,2406,1,,,0,164,,2407,1,,,0,124,,2402,1,,,0,164,,2408,1,,,0
601,'4881',629,,1562,1,,,0,30,,1563,1,,,0,663,,1565,1,,,0,35,,1566,1,,,0,75,,1564,1,,,0
601,'5441',732,,2409,1,,,0,75,,2410,1,,,0,35,,2411,1,,,0,75,,2412,1,,,0,35,,2414,1,,,0,75,,2415,1,,,0,75,,2416,1,,,0,35,,2413,1,,,0,75,,2417,1,,,0,35,,2418,1,,,0,260,,2419,1,,,0,35,,2420,1,,,0,75,,2421,1,,,0
601,'5442',1659,,2422,1,,,0,75,,2423,1,,,0,75,,2424,1,,,0,44,,2425,1,,,0
