701,'5478',802,,1577,1,,,0,36,,1577,46,4,,0,74,,1578,1,,,0,36,,1578,46,4,,0,74,,1579,1,,,0,36,,1579,46,4,,0,73,,1580,1,,,0,76,,1580,46,4,,0,35,,1581,1,,,0,76,,1581,46,4,,0,32,,1582,1,,,0,76,,1582,46,4,,0,76,,1583,1,,,0,36,,1583,46,4,,0,74,,1584,1,,,0,36,,1584,46,4,,0,84,,2429,1,,,0,76,,2429,46,4,,0,33,,1586,1,,,0,76,,1586,46,4,,0,83,,2430,1,,,0,36,,2430,46,4,,0,84,,2431,1,,,0,36,,2431,46,4,,0
701,'5591',809,,725,1,,,0,40,,725,46,4,,0,87,,724,1,,,0,78,,724,46,4,,0,1,,2442,1,,,0,39,,2442,46,4,,0,56,,727,1,,,0,42,,727,46,4,,0,92,,726,1,,,0,83,,726,46,4,,0,12,,2444,1,,,0,80,,729,1,,,0,3,,2444,46,4,,0,80,,729,46,4,,0,53,,728,1,,,0,82,,728,46,4,,0,95,,730,1,,,0,78,,730,46,4,,0,93,,731,1,,,0,36,,731,46,4,,0,61,,2443,1,,,0,34,,2443,46,4,,0,86,,2441,1,,,0,33,,2441,46,4,,0
701,'5592',651,,2445,1,,,0,76,,2445,46,4,,0
701,'5595',651,,2432,1,,,0,76,,2432,46,4,,0
701,'5596',802,,2426,1,,,0,35,,2426,46,4,,0,185,,1571,1,,,0,37,,1571,46,4,,0,183,,1574,1,,,0,79,,1574,46,4,,0,181,,1575,1,,,0,38,,1575,46,4,,0,182,,2427,1,,,0,37,,2427,46,4,,0,73,,2428,1,,,0,75,,2428,46,4,,0
701,'5597',802,,2433,1,,,0,35,,2433,46,4,,0,185,,1590,1,,,0,37,,1590,46,4,,0,183,,1593,1,,,0,79,,1593,46,4,,0,181,,1594,1,,,0,38,,1594,46,4,,0,182,,2434,1,,,0,37,,2434,46,4,,0,73,,2435,1,,,0,75,,2435,46,4,,0
701,'5598',802,,2436,1,,,0,35,,2436,46,4,,0,185,,1596,1,,,0,37,,1596,46,4,,0,183,,2438,1,,,0,79,,2438,46,4,,0,181,,2439,1,,,0,38,,2439,46,4,,0,182,,2437,1,,,0,37,,2437,46,4,,0,73,,2440,1,,,0,75,,2440,46,4,,0
801,'5478',837,,2448,1,,,0,75,,2448,39,4,,0,35,,2449,1,,,0,75,,2449,39,4,,0,35,,2450,1,,,0,75,,2450,39,4,,0,75,,2451,1,,,0,35,,2451,39,4,,0,76,,2452,1,,,0,35,,2452,39,4,,0,74,,2453,1,,,0,75,,2453,39,4,,0,34,,2454,1,,,0,75,,2454,39,4,,0,46,,1607,1,,,0,75,,1607,39,4,,0,75,,2455,1,,,0,35,,2455,39,4,,0,76,,2456,1,,,0,35,,2456,39,4,,0,87,,2457,1,,,0,75,,2457,39,4,,0
801,'5591',855,,768,1,,,0,76,,768,39,4,,0,13,,770,1,,,0,77,,770,39,4,,0,4,,771,1,,,0,79,,771,39,4,,0,54,,765,1,,,0,80,,765,39,4,,0,95,,764,1,,,0,79,,764,39,4,,0,97,,763,1,,,0,39,,763,39,4,,0,98,,762,1,,,0,78,,762,39,4,,0,95,,767,1,,,0,37,,767,39,4,,0,88,,766,1,,,0,74,,766,39,4,,0,22,,2464,1,,,0,74,,2464,39,4,,0
801,'5592',613,,2465,1,,,0,34,,2465,39,4,,0,87,,2466,1,,,0,78,,2466,39,4,,0
801,'5595',613,,2458,1,,,0,34,,2458,39,4,,0,87,,2459,1,,,0,78,,2459,39,4,,0
801,'5596',911,,1606,1,,,0,35,,1606,39,4,,0,185,,1605,1,,,0,75,,1605,39,4,,0,145,,2447,1,,,0,75,,2447,39,4,,0,185,,2446,1,,,0,35,,2446,39,4,,0
801,'5597',911,,1616,1,,,0,35,,1616,39,4,,0,185,,1615,1,,,0,75,,1615,39,4,,0,145,,2461,1,,,0,75,,2461,39,4,,0,185,,2460,1,,,0,35,,2460,39,4,,0
801,'5598',911,,1620,1,,,0,35,,1620,39,4,,0,185,,1619,1,,,0,75,,1619,39,4,,0,145,,2463,1,,,0,75,,2463,39,4,,0,185,,2462,1,,,0,35,,2462,39,4,,0
