100,'5478',834,,1927,6,4,,0,108,,1113,6,4,,0,110,,1112,6,4,,0,150,,1111,6,4,,0,110,,1107,6,4,,0,111,,1110,6,4,,0,110,,1109,6,4,,0,111,,1108,6,4,,0,160,,1106,6,4,,0,110,,1926,6,4,,0
100,'5591',654,,1939,6,4,,0,101,,1936,6,4,,0,1049,,1938,6,4,,0,109,,1937,6,4,,0
100,'5592',839,,1136,6,4,,0,105,,1135,6,4,,0,110,,1134,6,4,,0,150,,1133,6,4,,0,110,,1132,6,4,,0,110,,1942,6,4,,0,113,,1941,6,4,,0,108,,1940,6,4,,0
100,'5595',839,,1121,6,4,,0,105,,1120,6,4,,0,110,,1119,6,4,,0,150,,1118,6,4,,0,110,,1117,6,4,,0,110,,1930,6,4,,0,113,,1929,6,4,,0,108,,1928,6,4,,0
100,'5596',1202,,1104,6,4,,0,110,,1924,6,4,,0,110,,4,6,4,,0,110,,1925,6,4,,0,110,,1,6,4,,0
100,'5597',1202,,1124,6,4,,0,110,,1931,6,4,,0,110,,27,6,4,,0,110,,1932,6,4,,0,110,,24,6,4,,0
100,'5598',1202,,1935,6,4,,0,110,,1933,6,4,,0,110,,32,6,4,,0,110,,1934,6,4,,0,110,,29,6,4,,0
101,'5478',803,,1945,1,,,0,108,,1140,1,,,0,110,,1141,1,,,0,110,,1142,1,,,0,110,,1143,1,,,0,110,,1144,1,,,0,150,,1145,1,,,0,110,,1146,1,,,0,121,,1147,1,,,0,110,,1946,1,,,0
101,'5591',622,,1955,1,,,0,100,,1956,1,,,0,1010,,1957,1,,,0,110,,1958,1,,,0
101,'5592',803,,1164,1,,,0,109,,1165,1,,,0,109,,1166,1,,,0,110,,1167,1,,,0,110,,1168,1,,,0,110,,1959,1,,,0,151,,1960,1,,,0,109,,1961,1,,,0
101,'5595',803,,1149,1,,,0,109,,1150,1,,,0,109,,1151,1,,,0,110,,1152,1,,,0,110,,1153,1,,,0,110,,1947,1,,,0,151,,1948,1,,,0,109,,1949,1,,,0
101,'5596',1131,,1137,1,,,0,110,,1943,1,,,0,110,,46,1,,,0,150,,1944,1,,,0,110,,47,1,,,0
101,'5597',1131,,1157,1,,,0,110,,1950,1,,,0,110,,69,1,,,0,150,,1951,1,,,0,110,,70,1,,,0
101,'5598',1131,,1952,1,,,0,110,,1953,1,,,0,110,,74,1,,,0,150,,1954,1,,,0,110,,75,1,,,0
400,'5478',842,,1354,1,,,0,61,,1354,24,4,,0,49,,1355,1,,,0,61,,1355,24,4,,0,89,,1356,1,,,0,21,,1356,24,4,,0,89,,1357,1,,,0,22,,1357,24,4,,0,88,,1358,1,,,0,22,,1358,24,4,,0,88,,1359,1,,,0,22,,1359,24,4,,0,88,,1360,1,,,0,62,,1360,24,4,,0,96,,1361,1,,,0,22,,1361,24,4,,0,91,,2220,1,,,0,21,,2220,24,4,,0,87,,2221,1,,,0,21,,2221,24,4,,0,87,,1364,1,,,0,21,,1364,24,4,,0
400,'5591',658,,2238,1,,,0,61,,2238,24,4,,0,935,,2240,1,,,0,62,,2240,24,4,,0,98,,2239,1,,,0,22,,2239,24,4,,0,85,,2241,1,,,0,21,,2241,24,4,,0
400,'5592',633,,2242,1,,,0,21,,2242,24,4,,0,81,,1398,1,,,0,24,,1398,24,4,,0,86,,1399,1,,,0,62,,1399,24,4,,0,45,,1400,1,,,0,62,,1400,24,4,,0,88,,1401,1,,,0,23,,1401,24,4,,0,87,,1402,1,,,0,23,,1402,24,4,,0,87,,2243,1,,,0,23,,2243,24,4,,0,87,,2244,1,,,0,25,,2244,24,4,,0,86,,2245,1,,,0,63,,2245,24,4,,0
400,'5595',633,,2222,1,,,0,21,,2222,24,4,,0,81,,1366,1,,,0,24,,1366,24,4,,0,86,,1367,1,,,0,62,,1367,24,4,,0,45,,1368,1,,,0,62,,1368,24,4,,0,88,,1369,1,,,0,23,,1369,24,4,,0,87,,1370,1,,,0,23,,1370,24,4,,0,87,,2223,1,,,0,23,,2223,24,4,,0,87,,2224,1,,,0,25,,2224,24,4,,0,86,,2225,1,,,0,63,,2225,24,4,,0,423,,2226,1,,,0,21,,2226,24,4,,0
400,'5596',842,,1352,1,,,0,61,,1352,24,4,,0,49,,1353,1,,,0,61,,1353,24,4,,0,89,,1347,1,,,0,21,,1347,24,4,,0,89,,1346,1,,,0,21,,1346,24,4,,0,89,,2217,1,,,0,21,,2217,24,4,,0,89,,2215,1,,,0,21,,2215,24,4,,0,89,,2216,1,,,0,61,,2216,24,4,,0,49,,2218,1,,,0,61,,2218,24,4,,0,89,,2219,1,,,0,21,,2219,24,4,,0
400,'5597',842,,1382,1,,,0,61,,1382,24,4,,0,49,,1383,1,,,0,61,,1383,24,4,,0,89,,1377,1,,,0,21,,1377,24,4,,0,89,,1376,1,,,0,21,,1376,24,4,,0,89,,2229,1,,,0,21,,2229,24,4,,0,89,,2227,1,,,0,21,,2227,24,4,,0,89,,2228,1,,,0,61,,2228,24,4,,0,49,,2230,1,,,0,61,,2230,24,4,,0,89,,2231,1,,,0,21,,2231,24,4,,0
400,'5598',842,,1391,1,,,0,61,,1391,24,4,,0,49,,1392,1,,,0,61,,1392,24,4,,0,89,,1386,1,,,0,21,,1386,24,4,,0,89,,2233,1,,,0,21,,2233,24,4,,0,89,,2235,1,,,0,21,,2235,24,4,,0,89,,2232,1,,,0,21,,2232,24,4,,0,89,,2234,1,,,0,61,,2234,24,4,,0,49,,2236,1,,,0,61,,2236,24,4,,0,89,,2237,1,,,0,21,,2237,24,4,,0
