900,'4159',928,,1623,10,,,0,72,,1629,10,,,0,32,,790,10,,,0,72,,1628,10,,,0,32,,788,10,,,0,72,,1627,10,,,0,33,,785,10,,,0,72,,784,10,,,0,32,,1625,10,,,0,72,,1626,10,,,0,32,,1624,10,,,0,72,,781,10,,,0,31,,780,10,,,0,72,,776,10,,,0,32,,779,10,,,0,72,,778,10,,,0,72,,777,10,,,0,32,,775,10,,,0
900,'4616',856,,2467,10,,,0,72,,1648,10,,,0,73,,2478,10,,,0,32,,1646,10,,,0,72,,2477,10,,,0,32,,1647,10,,,0,72,,2476,10,,,0,32,,1645,10,,,0,72,,2475,10,,,0,32,,1644,10,,,0,72,,2474,10,,,0,32,,1642,10,,,0,72,,2473,10,,,0,32,,1640,10,,,0,72,,2472,10,,,0,32,,2471,10,,,0,71,,1638,10,,,0,72,,1637,10,,,0,32,,1636,10,,,0,72,,1635,10,,,0,32,,1634,10,,,0,72,,1633,10,,,0,32,,2470,10,,,0,72,,2469,10,,,0,32,,2468,10,,,0
900,'4753',1528,,1656,10,,,0,77,,1659,10,,,0,37,,1655,10,,,0,75,,1660,10,,,0,37,,1654,10,,,0,76,,1649,10,,,0,72,,1651,10,,,0,33,,1658,10,,,0,72,,1657,10,,,0,32,,1653,10,,,0,72,,1650,10,,,0,32,,1652,10,,,0
900,'4754',928,,1661,10,,,0,72,,1667,10,,,0,32,,845,10,,,0,72,,1666,10,,,0,32,,843,10,,,0,72,,1665,10,,,0,33,,840,10,,,0,72,,839,10,,,0,32,,1663,10,,,0,72,,1664,10,,,0,32,,1662,10,,,0,72,,836,10,,,0,31,,835,10,,,0,72,,831,10,,,0,32,,834,10,,,0,72,,833,10,,,0,72,,832,10,,,0,32,,830,10,,,0
900,'4755',928,,1668,10,,,0,72,,1674,10,,,0,32,,863,10,,,0,72,,1673,10,,,0,32,,861,10,,,0,72,,1672,10,,,0,33,,858,10,,,0,72,,857,10,,,0,32,,2480,10,,,0,72,,2481,10,,,0,32,,2479,10,,,0,72,,854,10,,,0,31,,853,10,,,0,72,,849,10,,,0,32,,852,10,,,0,72,,851,10,,,0,72,,850,10,,,0,32,,848,10,,,0
900,'4880',739,,870,10,,,0,76,,887,10,,,0,37,,871,10,,,0,76,,869,10,,,0
900,'4881',1528,,1679,10,,,0,77,,1681,10,,,0,37,,1678,10,,,0,75,,1682,10,,,0,37,,1677,10,,,0,76,,1675,10,,,0,72,,1676,10,,,0,33,,1680,10,,,0
900,'5441',721,,2495,10,,,0,36,,2488,10,,,0,77,,2487,10,,,0,76,,2490,10,,,0,36,,2497,10,,,0,76,,2494,10,,,0,36,,2500,10,,,0,76,,2499,10,,,0,76,,2493,10,,,0,36,,2492,10,,,0,76,,2491,10,,,0,35,,2496,10,,,0,76,,2482,10,,,0,77,,2484,10,,,0,37,,2498,10,,,0,77,,2489,10,,,0,76,,2483,10,,,0,36,,2485,10,,,0,76,,2486,10,,,0
6001,'4616',1050,,1028,23,,,0,174,,1027,23,,,0,227,,1029,23,,,0,171,,1030,23,,,0
6001,'5441',709,,2543,28,,,0,242,,2540,28,,,0,175,,2544,24,,,0,396,,2542,28,,,0,217,,2541,28,,,0
