701,'5478',824,,1577,30,,,0,110,,1578,30,,,0,110,,1579,30,,,0,109,,1580,30,,,0,151,,1581,30,,,0,108,,1582,30,,,0,112,,1583,30,,,0,110,,1584,30,,,0,120,,2429,30,,,0,149,,1586,30,,,0,119,,2430,30,,,0,120,,2431,30,,,0
701,'5591',832,,725,30,,,0,126,,724,30,,,0,79,,2442,30,,,0,95,,727,30,,,0,175,,726,30,,,0,95,,2444,30,,,0,41,,729,30,,,0,177,,728,30,,,0,135,,730,30,,,0,170,,731,30,,,0,96,,2443,30,,,0,120,,2441,30,,,0
701,'5592',712,,2445,30,,,0
701,'5595',712,,2432,30,,,0
701,'5596',823,,2426,30,,,0,221,,1571,30,,,0,262,,1574,30,,,0,219,,1575,30,,,0,219,,2427,30,,,0,110,,2428,30,,,0
701,'5597',823,,2433,30,,,0,221,,1590,30,,,0,262,,1593,30,,,0,219,,1594,30,,,0,219,,2434,30,,,0,110,,2435,30,,,0
701,'5598',823,,2436,30,,,0,221,,1596,30,,,0,262,,2438,30,,,0,219,,2439,30,,,0,219,,2437,30,,,0,110,,2440,30,,,0
801,'5478',858,,2448,23,,,0,150,,2449,23,,,0,110,,2450,23,,,0,110,,2451,23,,,0,111,,2452,23,,,0,109,,2453,23,,,0,109,,2454,23,,,0,161,,1607,23,,,0,110,,2455,23,,,0,111,,2456,23,,,0,162,,2457,23,,,0
801,'5591',915,,768,23,,,0,90,,770,23,,,0,41,,771,23,,,0,174,,765,23,,,0,135,,764,23,,,0,176,,763,23,,,0,177,,762,23,,,0,132,,767,23,,,0,164,,766,23,,,0,96,,2464,23,,,0
801,'5592',632,,2465,23,,,0,123,,2466,23,,,0
801,'5595',632,,2458,23,,,0,123,,2459,23,,,0
801,'5596',931,,1606,23,,,0,220,,1605,23,,,0,260,,2447,23,,,0,220,,2446,23,,,0
801,'5597',931,,1616,23,,,0,220,,1615,23,,,0,260,,2461,23,,,0,220,,2460,23,,,0
801,'5598',931,,1620,23,,,0,220,,1619,23,,,0,260,,2463,23,,,0,220,,2462,23,,,0
