701,'4159',822,,2426,28,,,0,221,,1571,28,,,0,261,,1574,28,,,0,220,,1575,28,,,0,219,,2427,28,,,0,110,,2428,28,,,0
701,'4616',823,,1577,28,,,0,110,,1578,28,,,0,110,,1579,28,,,0,109,,1580,28,,,0,151,,1581,28,,,0,108,,1582,28,,,0,112,,1583,28,,,0,110,,1584,28,,,0,120,,2429,28,,,0,149,,1586,28,,,0,119,,2430,28,,,0,120,,2431,28,,,0
701,'4753',711,,2432,28,,,0
701,'4754',822,,2433,28,,,0,221,,1590,28,,,0,261,,1593,28,,,0,220,,1594,28,,,0,219,,2434,28,,,0,110,,2435,28,,,0
701,'4755',822,,2436,28,,,0,221,,1596,28,,,0,261,,2438,28,,,0,220,,2439,28,,,0,219,,2437,28,,,0,110,,2440,28,,,0
701,'4880',831,,725,28,,,0,126,,724,28,,,0,174,,727,28,,,0,174,,726,28,,,0,136,,729,28,,,0,177,,728,28,,,0,136,,730,28,,,0,170,,731,28,,,0
701,'5441',1036,,2442,28,,,0,364,,2444,28,,,0,620,,2443,28,,,0,120,,2441,28,,,0
701,'5442',711,,2445,28,,,0
801,'4159',930,,1606,21,,,0,220,,1605,21,,,0,260,,2447,21,,,0,220,,2446,21,,,0
801,'4616',857,,2448,21,,,0,150,,2449,21,,,0,110,,2450,21,,,0,110,,2451,21,,,0,111,,2452,21,,,0,109,,2453,21,,,0,109,,2454,21,,,0,161,,1607,21,,,0,110,,2455,21,,,0,111,,2456,21,,,0,162,,2457,21,,,0
801,'4753',631,,2458,21,,,0,122,,2459,21,,,0
801,'4754',930,,1616,21,,,0,220,,1615,21,,,0,260,,2461,21,,,0,220,,2460,21,,,0
801,'4755',930,,1620,21,,,0,220,,1619,21,,,0,260,,2463,21,,,0,220,,2462,21,,,0
801,'4880',914,,768,21,,,0,89,,770,21,,,0,41,,771,21,,,0,174,,765,21,,,0,135,,764,21,,,0,176,,763,21,,,0,177,,762,21,,,0,133,,767,21,,,0,164,,766,21,,,0
801,'5441',2059,,2464,21,,,0
801,'5442',631,,2465,21,,,0,122,,2466,21,,,0
