100,'4159',1156,,1104,1,,,0,150,,1924,1,,,0,110,,4,1,,,0,110,,1925,1,,,0,110,,1,1,,,0
100,'4616',828,,1927,1,,,0,108,,1113,1,,,0,110,,1112,1,,,0,110,,1111,1,,,0,150,,1107,1,,,0,111,,1110,1,,,0,110,,1109,1,,,0,111,,1108,1,,,0,120,,1106,1,,,0,150,,1926,1,,,0
100,'4753',832,,1121,1,,,0,105,,1120,1,,,0,110,,1119,1,,,0,110,,1118,1,,,0,150,,1117,1,,,0,110,,1930,1,,,0,113,,1929,1,,,0,108,,1928,1,,,0
100,'4754',1156,,1124,1,,,0,150,,1931,1,,,0,110,,27,1,,,0,110,,1932,1,,,0,110,,24,1,,,0
100,'4755',1156,,1935,1,,,0,150,,1933,1,,,0,110,,32,1,,,0,110,,1934,1,,,0,110,,29,1,,,0
100,'4881',832,,1136,1,,,0,105,,1135,1,,,0,110,,1134,1,,,0,110,,1133,1,,,0,150,,1132,1,,,0
100,'5441',648,,1939,1,,,0,100,,1936,1,,,0,1010,,1938,1,,,0,149,,1937,1,,,0
100,'5442',1417,,1942,1,,,0,113,,1941,1,,,0,108,,1940,1,,,0
101,'4159',1156,,1137,32,4,,0,150,,1943,32,4,,0,110,,46,32,4,,0,110,,1944,32,4,,0,110,,47,32,4,,0
101,'4616',828,,1945,32,4,,0,108,,1140,32,4,,0,110,,1141,32,4,,0,110,,1142,32,4,,0,150,,1143,32,4,,0,111,,1144,32,4,,0,110,,1145,32,4,,0,111,,1146,32,4,,0,120,,1147,32,4,,0,150,,1946,32,4,,0
101,'4753',832,,1149,32,4,,0,105,,1150,32,4,,0,110,,1151,32,4,,0,110,,1152,32,4,,0,150,,1153,32,4,,0,110,,1947,32,4,,0,113,,1948,32,4,,0,108,,1949,32,4,,0
101,'4754',1156,,1157,32,4,,0,150,,1950,32,4,,0,110,,69,32,4,,0,110,,1951,32,4,,0,110,,70,32,4,,0
101,'4755',1156,,1952,32,4,,0,150,,1953,32,4,,0,110,,74,32,4,,0,110,,1954,32,4,,0,110,,75,32,4,,0
101,'4881',832,,1164,32,4,,0,105,,1165,32,4,,0,110,,1166,32,4,,0,110,,1167,32,4,,0,150,,1168,32,4,,0
101,'5441',648,,1955,32,4,,0,100,,1956,32,4,,0,1010,,1957,32,4,,0,149,,1958,32,4,,0
101,'5442',1417,,1959,32,4,,0,113,,1960,32,4,,0,108,,1961,32,4,,0
