301,'4159',900,,2127,13,0,12 13 14,0,42,,2128,13,0,12 13 14,0,82,,2129,13,0,12 13 14,0,82,,2130,13,0,12 13 14,0,42,,2131,13,0,12 13 14,0,82,,2132,13,0,12 13 14,0,82,,2124,13,0,12 13 14,0,42,,2125,13,0,12 13 14,0,82,,2126,13,0,12 13 14,0,81,,2122,13,0,12 13 14,0,42,,2123,13,0,12 13 14,0,82,,2118,13,0,12 13 14,0,82,,2121,13,0,12 13 14,0,82,,2119,13,0,12 13 14,0,42,,2120,13,0,12 13 14,0
301,'4616',819,,2133,13,0,12 13 14,0,40,,2138,13,0,12 13 14,0,80,,2134,13,0,12 13 14,0,80,,2136,13,0,12 13 14,0,40,,2135,13,0,12 13 14,0,80,,2137,13,0,12 13 14,0,80,,2140,13,0,12 13 14,0,40,,2139,13,0,12 13 14,0,80,,2141,13,0,12 13 14,0,80,,2142,13,0,12 13 14,0,40,,2143,13,0,12 13 14,0,80,,2144,13,0,12 13 14,0,80,,2145,13,0,12 13 14,0,40,,2146,13,0,12 13 14,0,80,,2147,13,0,12 13 14,0,80,,2148,13,0,12 13 14,0,39,,2149,13,0,12 13 14,0,80,,2150,13,0,12 13 14,0,79,,2151,13,0,12 13 14,0,40,,2152,13,0,12 13 14,0,80,,2153,13,0,12 13 14,0
301,'4753',905,,2158,13,0,12 13 14,0,135,,2157,13,0,12 13 14,0,166,,2156,13,0,12 13 14,0,322,,2155,13,0,12 13 14,0,100,,2154,13,0,12 13 14,0
301,'4754',900,,2168,13,0,12 13 14,0,42,,2169,13,0,12 13 14,0,82,,2170,13,0,12 13 14,0,82,,2171,13,0,12 13 14,0,42,,2172,13,0,12 13 14,0,82,,2173,13,0,12 13 14,0,82,,2165,13,0,12 13 14,0,42,,2166,13,0,12 13 14,0,82,,2167,13,0,12 13 14,0,81,,2163,13,0,12 13 14,0,42,,2164,13,0,12 13 14,0,82,,2159,13,0,12 13 14,0,82,,2162,13,0,12 13 14,0,82,,2160,13,0,12 13 14,0,42,,2161,13,0,12 13 14,0
301,'4755',900,,2183,13,0,12 13 14,0,42,,2184,13,0,12 13 14,0,82,,2185,13,0,12 13 14,0,82,,2186,13,0,12 13 14,0,42,,2187,13,0,12 13 14,0,82,,2188,13,0,12 13 14,0,82,,2180,13,0,12 13 14,0,42,,2181,13,0,12 13 14,0,82,,2182,13,0,12 13 14,0,81,,2178,13,0,12 13 14,0,42,,2179,13,0,12 13 14,0,82,,2174,13,0,12 13 14,0,82,,2177,13,0,12 13 14,0,82,,2175,13,0,12 13 14,0,42,,2176,13,0,12 13 14,0
301,'4880',616,,2189,13,0,12 13 14,0,40,,2191,13,0,12 13 14,0,78,,2202,13,0,12 13 14,0,91,,2203,13,0,12 13 14,0,105,,2209,13,0,12 13 14,0,25,,2204,13,0,12 13 14,0,167,,2201,13,0,12 13 14,0,127,,2200,13,0,12 13 14,0,89,,2199,13,0,12 13 14,0,65,,2208,13,0,12 13 14,0,25,,2198,13,0,12 13 14,0,30,,2207,13,0,12 13 14,0,100,,2205,13,0,12 13 14,0,100,,2197,13,0,12 13 14,0,69,,2206,13,0,12 13 14,0,78,,2196,13,0,12 13 14,0,39,,2195,13,0,12 13 14,0,80,,2194,13,0,12 13 14,0,82,,2193,13,0,12 13 14,0,45,,2192,13,0,12 13 14,0,85,,2190,13,0,12 13 14,0
301,'4881',905,,2214,13,0,12 13 14,0,135,,2213,13,0,12 13 14,0,166,,2212,13,0,12 13 14,0,322,,2211,13,0,12 13 14,0,100,,2210,13,0,12 13 14,0
901,'4159',913,,1688,7,,,0,32,,1689,7,,,0,72,,911,7,,,0,32,,1683,7,,,0,72,,898,7,,,0,32,,1684,7,,,0,73,,900,7,,,0,32,,896,7,,,0,72,,1685,7,,,0,72,,1686,7,,,0,32,,1687,7,,,0,72,,904,7,,,0,32,,905,7,,,0,72,,906,7,,,0,32,,907,7,,,0,72,,912,7,,,0,32,,909,7,,,0,72,,913,7,,,0
901,'4616',842,,2501,7,,,0,72,,1691,7,,,0,32,,2503,7,,,0,72,,1690,7,,,0,32,,2502,7,,,0,72,,1692,7,,,0,32,,2504,7,,,0,72,,1693,7,,,0,32,,2505,7,,,0,72,,1694,7,,,0,72,,2506,7,,,0,32,,1695,7,,,0,72,,2507,7,,,0,32,,1697,7,,,0,72,,2508,7,,,0,32,,2509,7,,,0,72,,1700,7,,,0,32,,1701,7,,,0,72,,1702,7,,,0,32,,1703,7,,,0,72,,1704,7,,,0,32,,1706,7,,,0,72,,2511,7,,,0,32,,2512,7,,,0,72,,2510,7,,,0
901,'4753',1511,,1720,7,,,0,37,,1719,7,,,0,77,,1714,7,,,0,77,,1713,7,,,0,37,,1712,7,,,0,76,,1711,7,,,0,32,,1710,7,,,0,73,,1709,7,,,0,33,,1715,7,,,0,72,,1716,7,,,0,32,,1717,7,,,0,72,,1718,7,,,0
901,'4754',913,,1726,7,,,0,32,,1727,7,,,0,72,,966,7,,,0,32,,1721,7,,,0,72,,953,7,,,0,32,,1722,7,,,0,73,,955,7,,,0,32,,951,7,,,0,72,,1723,7,,,0,72,,1724,7,,,0,32,,1725,7,,,0,72,,959,7,,,0,32,,960,7,,,0,72,,961,7,,,0,32,,962,7,,,0,72,,967,7,,,0,32,,964,7,,,0,72,,968,7,,,0
901,'4755',913,,1733,7,,,0,32,,1734,7,,,0,72,,984,7,,,0,32,,1728,7,,,0,72,,971,7,,,0,32,,1729,7,,,0,73,,973,7,,,0,32,,969,7,,,0,72,,2513,7,,,0,72,,2514,7,,,0,32,,2515,7,,,0,72,,977,7,,,0,32,,978,7,,,0,72,,979,7,,,0,32,,980,7,,,0,72,,985,7,,,0,32,,982,7,,,0,72,,986,7,,,0
901,'4880',707,,2516,7,,,0,18,,998,7,,,0,18,,2525,7,,,0,58,,1002,7,,,0,18,,2526,7,,,0,18,,999,7,,,0,18,,2524,7,,,0,58,,1000,7,,,0,18,,2534,7,,,0,75,,2533,7,,,0,36,,2521,7,,,0,76,,2523,7,,,0,36,,2528,7,,,0,76,,2522,7,,,0,76,,2520,7,,,0,35,,2529,7,,,0,76,,2530,7,,,0,36,,2532,7,,,0,77,,2517,7,,,0,77,,2519,7,,,0,37,,2518,7,,,0,77,,2527,7,,,0,36,,2531,7,,,0
901,'4881',1511,,1742,7,,,0,37,,1741,7,,,0,77,,1740,7,,,0,77,,1739,7,,,0,37,,1738,7,,,0,76,,1737,7,,,0,32,,1736,7,,,0,73,,1735,7,,,0
6000,'4616',942,,1019,7,0,5 6,0,168,,1018,7,0,5 6,0,227,,1020,7,0,5 6,0,175,,1021,7,0,5 6,0
6000,'4880',751,,2537,6,,,0,262,,2536,6,0,5 6,0,309,,2538,6,,,0,223,,2535,6,,,0,257,,2539,6,,,0
