701,'4159',828,,2426,36,,,0,221,,1571,36,,,0,262,,1574,36,,,0,219,,1575,36,,,0,219,,2427,36,,,0,110,,2428,36,,,0
701,'4616',828,,1577,36,,,0,110,,1578,36,,,0,110,,1579,36,,,0,109,,1580,36,,,0,151,,1581,36,,,0,108,,1582,36,,,0,112,,1583,36,,,0,110,,1584,36,,,0,120,,2429,36,,,0,149,,1586,36,,,0,119,,2430,36,,,0,120,,2431,36,,,0
701,'4753',717,,2432,36,,,0
701,'4754',828,,2433,36,,,0,221,,1590,36,,,0,262,,1593,36,,,0,219,,1594,36,,,0,219,,2434,36,,,0,110,,2435,36,,,0
701,'4755',828,,2436,36,,,0,221,,1596,36,,,0,262,,2438,36,,,0,219,,2439,36,,,0,219,,2437,36,,,0,110,,2440,36,,,0
701,'4880',837,,725,36,,,0,166,,724,36,,,0,134,,727,36,,,0,175,,726,36,,,0,136,,729,36,,,0,177,,728,36,,,0,134,,730,36,,,0,170,,731,36,,,0
701,'5441',1042,,2442,36,,,0,365,,2444,36,,,0,618,,2443,36,,,0,120,,2441,36,,,0
701,'5442',717,,2445,36,,,0
801,'4159',936,,1606,29,,,0,220,,1605,29,,,0,260,,2447,29,,,0,220,,2446,29,,,0
801,'4616',902,,2448,29,,,0,110,,2449,29,,,0,110,,2450,29,,,0,110,,2451,29,,,0,111,,2452,29,,,0,109,,2453,29,,,0,149,,2454,29,,,0,121,,1607,29,,,0,110,,2455,29,,,0,111,,2456,29,,,0,162,,2457,29,,,0
801,'4753',637,,2458,29,,,0,164,,2459,29,,,0
801,'4754',936,,1616,29,,,0,220,,1615,29,,,0,260,,2461,29,,,0,220,,2460,29,,,0
801,'4755',936,,1620,29,,,0,220,,1619,29,,,0,260,,2463,29,,,0,220,,2462,29,,,0
801,'4880',920,,768,29,,,0,90,,770,29,,,0,41,,771,29,,,0,174,,765,29,,,0,175,,764,29,,,0,136,,763,29,,,0,177,,762,29,,,0,132,,767,29,,,0,164,,766,29,,,0
801,'5441',2105,,2464,29,,,0
801,'5442',637,,2465,29,,,0,164,,2466,29,,,0
