501,'4159',856,,2246,3,,,0,159,,2247,3,,,0,124,,2248,3,,,0,164,,2249,3,,,0,125,,2250,3,,,0,123,,2251,3,,,0,164,,2252,3,,,0,124,,2253,3,,,0
501,'4616',816,,1406,3,,,0,40,,2254,3,,,0,80,,2256,3,,,0,80,,2255,3,,,0,40,,2257,3,,,0,80,,2258,3,,,0,80,,2259,3,,,0,40,,2260,3,,,0,80,,2261,3,,,0,80,,2262,3,,,0,40,,2263,3,,,0,80,,2264,3,,,0,80,,2265,3,,,0,40,,2266,3,,,0,80,,2267,3,,,0,80,,2268,3,,,0,40,,2269,3,,,0,80,,2270,3,,,0,80,,2271,3,,,0,40,,1418,3,,,0,80,,2272,3,,,0
501,'4753',819,,2277,3,,,0,135,,2274,3,,,0,167,,2273,3,,,0,130,,2275,3,,,0,181,,2276,3,,,0
501,'4754',856,,2278,3,,,0,159,,2279,3,,,0,124,,2280,3,,,0,164,,2281,3,,,0,125,,2282,3,,,0,123,,2283,3,,,0,164,,2284,3,,,0,124,,2285,3,,,0
501,'4755',856,,2286,3,,,0,159,,2287,3,,,0,124,,2288,3,,,0,164,,2289,3,,,0,125,,2290,3,,,0,123,,2291,3,,,0,164,,2292,3,,,0,124,,2293,3,,,0
501,'5441',612,,2294,3,,,0,40,,2295,3,,,0,81,,2296,3,,,0,71,,2297,3,,,0,31,,2312,3,,,0,74,,2298,3,,,0,128,,2300,3,,,0,166,,2299,3,,,0,138,,2301,3,,,0,171,,2303,3,,,0,39,,2302,3,,,0,83,,2304,3,,,0,84,,2305,3,,,0,83,,2307,3,,,0,43,,2308,3,,,0,83,,2306,3,,,0,83,,2309,3,,,0,43,,2311,3,,,0,83,,2310,3,,,0
501,'5442',819,,2317,3,,,0,135,,2314,3,,,0,167,,2313,3,,,0,130,,2315,3,,,0,181,,2316,3,,,0
601,'4159',845,,1504,3,,,0,98,,2374,3,,,0,164,,2375,3,,,0,124,,2373,3,,,0,124,,2376,3,,,0,164,,2377,3,,,0,124,,2372,3,,,0,164,,2378,3,,,0
601,'4616',844,,1511,3,,,0,75,,2379,3,,,0,35,,1510,3,,,0,75,,2380,3,,,0,75,,1512,3,,,0,35,,2381,3,,,0,75,,1513,3,,,0,35,,2382,3,,,0,75,,1514,3,,,0,35,,2383,3,,,0,75,,1515,3,,,0,75,,2384,3,,,0,35,,1516,3,,,0,75,,2385,3,,,0,82,,2386,3,,,0,35,,2387,3,,,0,75,,1518,3,,,0,44,,2388,3,,,0,66,,1521,3,,,0,36,,1520,3,,,0
601,'4753',631,,1522,3,,,0,70,,1523,3,,,0,623,,1525,3,,,0,35,,1526,3,,,0,75,,1524,3,,,0,267,,2389,3,,,0,35,,2390,3,,,0,75,,2391,3,,,0,44,,2392,3,,,0,70,,2393,3,,,0,32,,2394,3,,,0
601,'4754',845,,1535,3,,,0,98,,2397,3,,,0,164,,2398,3,,,0,124,,2396,3,,,0,124,,2399,3,,,0,164,,2400,3,,,0,124,,2395,3,,,0,164,,2401,3,,,0
601,'4755',845,,1543,3,,,0,98,,2404,3,,,0,164,,2405,3,,,0,124,,2403,3,,,0,124,,2406,3,,,0,164,,2407,3,,,0,124,,2402,3,,,0,164,,2408,3,,,0
601,'4881',631,,1562,3,,,0,70,,1563,3,,,0,623,,1565,3,,,0,35,,1566,3,,,0,75,,1564,3,,,0
601,'5441',734,,2409,3,,,0,75,,2410,3,,,0,35,,2411,3,,,0,75,,2412,3,,,0,35,,2414,3,,,0,75,,2415,3,,,0,75,,2416,3,,,0,35,,2413,3,,,0,75,,2417,3,,,0,35,,2418,3,,,0,261,,2419,3,,,0,35,,2420,3,,,0,74,,2421,3,,,0
601,'5442',1701,,2422,3,,,0,35,,2423,3,,,0,75,,2424,3,,,0,44,,2425,3,,,0
