701,'4159',827,,2426,34,,,0,221,,1571,34,,,0,261,,1574,34,,,0,220,,1575,34,,,0,219,,2427,34,,,0,110,,2428,34,,,0
701,'4616',827,,1577,34,,,0,110,,1578,34,,,0,110,,1579,34,,,0,109,,1580,34,,,0,151,,1581,34,,,0,108,,1582,34,,,0,112,,1583,34,,,0,110,,1584,34,,,0,120,,2429,34,,,0,149,,1586,34,,,0,119,,2430,34,,,0,120,,2431,34,,,0
701,'4753',716,,2432,34,,,0
701,'4754',827,,2433,34,,,0,221,,1590,34,,,0,261,,1593,34,,,0,220,,1594,34,,,0,219,,2434,34,,,0,110,,2435,34,,,0
701,'4755',827,,2436,34,,,0,221,,1596,34,,,0,261,,2438,34,,,0,220,,2439,34,,,0,219,,2437,34,,,0,110,,2440,34,,,0
701,'4880',836,,725,34,,,0,166,,724,34,,,0,39,,2442,34,,,0,95,,727,34,,,0,174,,726,34,,,0,95,,2444,34,,,0,41,,729,34,,,0,177,,728,34,,,0,135,,730,34,,,0,170,,731,34,,,0,96,,2443,34,,,0,120,,2441,34,,,0
701,'4881',716,,2445,34,,,0
801,'4159',935,,1606,27,,,0,220,,1605,27,,,0,260,,2447,27,,,0,220,,2446,27,,,0
801,'4616',901,,2448,27,,,0,110,,2449,27,,,0,110,,2450,27,,,0,110,,2451,27,,,0,111,,2452,27,,,0,109,,2453,27,,,0,149,,2454,27,,,0,121,,1607,27,,,0,110,,2455,27,,,0,111,,2456,27,,,0,162,,2457,27,,,0
801,'4753',636,,2458,27,,,0,123,,2459,27,,,0
801,'4754',935,,1616,27,,,0,220,,1615,27,,,0,260,,2461,27,,,0,220,,2460,27,,,0
801,'4755',935,,1620,27,,,0,220,,1619,27,,,0,260,,2463,27,,,0,220,,2462,27,,,0
801,'4880',919,,768,27,,,0,89,,770,27,,,0,41,,771,27,,,0,174,,765,27,,,0,135,,764,27,,,0,176,,763,27,,,0,177,,762,27,,,0,133,,767,27,,,0,164,,766,27,,,0,96,,2464,27,,,0
801,'4881',636,,2465,27,,,0,123,,2466,27,,,0
