201,'5478',846,,1175,15,,,0,73,,1962,15,,,0,32,,1176,15,,,0,72,,1963,15,,,0,32,,1177,15,,,0,72,,1964,15,,,0,32,,1178,15,,,0,72,,1965,15,,,0,72,,1179,15,,,0,32,,1966,15,,,0,72,,1180,15,,,0,32,,1967,15,,,0,74,,1181,15,,,0,30,,1968,15,,,0,72,,1183,15,,,0,31,,1184,15,,,0,72,,1969,15,,,0,32,,1185,15,,,0,72,,1187,15,,,0,32,,1189,15,,,0,72,,1188,15,,,0,32,,1970,15,,,0,72,,1191,15,,,0,74,,1971,15,,,0,30,,1192,15,,,0
201,'5591',635,,1995,15,,,0,805,,1996,15,,,0,72,,1997,15,,,0,32,,1998,15,,,0,72,,1999,15,,,0,31,,2000,15,,,0
201,'5592',712,,2001,15,,,0,32,,2002,15,,,0,72,,2003,15,,,0,31,,2004,15,,,0,73,,2005,15,,,0,32,,2006,15,,,0,72,,2007,15,,,0,32,,2008,15,,,0,72,,2009,15,,,0,72,,2010,15,,,0,32,,2011,15,,,0,72,,2012,15,,,0,32,,2013,15,,,0,72,,2014,15,,,0,311,,2015,15,,,0,32,,2016,15,,,0,72,,2017,15,,,0,32,,2018,15,,,0,72,,2019,15,,,0,31,,2020,15,,,0
201,'5595',712,,1972,15,,,0,32,,1973,15,,,0,72,,1974,15,,,0,31,,1975,15,,,0,73,,1976,15,,,0,32,,1977,15,,,0,72,,1978,15,,,0,32,,1979,15,,,0,72,,1980,15,,,0,72,,1981,15,,,0,32,,1982,15,,,0,72,,1983,15,,,0,32,,1984,15,,,0,72,,1985,15,,,0,311,,1986,15,,,0,32,,1987,15,,,0,72,,1988,15,,,0,32,,1989,15,,,0,72,,1990,15,,,0,31,,1991,15,,,0,72,,1992,15,,,0,74,,1993,15,,,0,30,,1994,15,,,0
201,'5596',846,,99,15,,,0,73,,100,15,,,0,32,,101,15,,,0,72,,1173,15,,,0,32,,105,15,,,0,71,,1174,15,,,0,32,,91,15,,,0,72,,1172,15,,,0,105,,93,15,,,0,104,,94,15,,,0,104,,95,15,,,0,103,,96,15,,,0,73,,97,15,,,0,32,,98,15,,,0,72,,102,15,,,0
201,'5597',846,,162,15,,,0,73,,163,15,,,0,32,,164,15,,,0,72,,1217,15,,,0,32,,168,15,,,0,71,,1218,15,,,0,32,,154,15,,,0,72,,1216,15,,,0,105,,156,15,,,0,104,,157,15,,,0,104,,158,15,,,0,103,,159,15,,,0,73,,160,15,,,0,32,,161,15,,,0,72,,165,15,,,0
201,'5598',846,,177,15,,,0,73,,178,15,,,0,32,,179,15,,,0,72,,1220,15,,,0,32,,183,15,,,0,71,,1221,15,,,0,32,,169,15,,,0,72,,1219,15,,,0,105,,171,15,,,0,104,,172,15,,,0,104,,173,15,,,0,103,,174,15,,,0,73,,175,15,,,0,32,,176,15,,,0,72,,180,15,,,0
300,'5478',831,,2036,2,0,12 13 14,0,80,,2048,2,0,12 13 14,0,40,,2053,2,0,12 13 14,0,80,,2055,2,0,12 13 14,0,80,,2056,2,0,12 13 14,0,40,,2054,2,0,12 13 14,0,80,,2052,2,0,12 13 14,0,80,,2051,2,0,12 13 14,0,41,,2050,2,0,12 13 14,0,80,,2049,2,0,12 13 14,0,80,,2047,2,0,12 13 14,0,39,,2046,2,0,12 13 14,0,80,,2042,2,0,12 13 14,0,80,,2045,2,0,12 13 14,0,40,,2044,2,0,12 13 14,0,80,,2043,2,0,12 13 14,0,79,,2041,2,0,12 13 14,0,40,,2040,2,0,12 13 14,0,79,,2039,2,0,12 13 14,0,80,,2038,2,0,12 13 14,0,40,,2037,2,0,12 13 14,0
300,'5591',628,,2104,2,0,12 13 14,0,80,,2103,2,0,12 13 14,0,38,,2101,2,0,12 13 14,0,91,,2099,2,0,12 13 14,0,105,,2112,2,0,12 13 14,0,65,,2105,2,0,12 13 14,0,127,,2107,2,0,12 13 14,0,167,,2093,2,0,12 13 14,0,49,,2106,2,0,12 13 14,0,65,,2111,2,0,12 13 14,0,25,,2092,2,0,12 13 14,0,70,,2110,2,0,12 13 14,0,100,,2102,2,0,12 13 14,0,100,,2100,2,0,12 13 14,0,29,,2109,2,0,12 13 14,0,78,,2108,2,0,12 13 14,0,39,,2098,2,0,12 13 14,0,80,,2096,2,0,12 13 14,0,82,,2095,2,0,12 13 14,0,85,,2097,2,0,12 13 14,0,45,,2094,2,0,12 13 14,0
300,'5592',917,,2113,2,0,12 13 14,0,135,,2115,2,0,12 13 14,0,166,,2116,2,0,12 13 14,0,322,,2114,2,0,12 13 14,0,100,,2117,2,0,12 13 14,0
300,'5595',917,,2057,2,0,12 13 14,0,135,,2059,2,0,12 13 14,0,166,,2060,2,0,12 13 14,0,322,,2058,2,0,12 13 14,0,100,,2061,2,0,12 13 14,0
300,'5596',911,,2021,2,0,12 13 14,0,42,,2035,2,0,12 13 14,0,82,,2034,2,0,12 13 14,0,82,,2033,2,0,12 13 14,0,42,,2032,2,0,12 13 14,0,82,,2025,2,0,12 13 14,0,82,,2031,2,0,12 13 14,0,82,,2030,2,0,12 13 14,0,42,,2029,2,0,12 13 14,0,81,,2028,2,0,12 13 14,0,82,,2027,2,0,12 13 14,0,42,,2026,2,0,12 13 14,0,82,,2024,2,0,12 13 14,0,82,,2023,2,0,12 13 14,0,42,,2022,2,0,12 13 14,0
300,'5597',911,,2062,2,0,12 13 14,0,42,,2076,2,0,12 13 14,0,82,,2075,2,0,12 13 14,0,82,,2074,2,0,12 13 14,0,42,,2073,2,0,12 13 14,0,82,,2066,2,0,12 13 14,0,82,,2072,2,0,12 13 14,0,82,,2071,2,0,12 13 14,0,42,,2070,2,0,12 13 14,0,81,,2069,2,0,12 13 14,0,82,,2068,2,0,12 13 14,0,42,,2067,2,0,12 13 14,0,82,,2065,2,0,12 13 14,0,82,,2064,2,0,12 13 14,0,42,,2063,2,0,12 13 14,0
300,'5598',911,,2077,2,0,12 13 14,0,42,,2091,2,0,12 13 14,0,82,,2090,2,0,12 13 14,0,82,,2089,2,0,12 13 14,0,42,,2088,2,0,12 13 14,0,82,,2081,2,0,12 13 14,0,82,,2087,2,0,12 13 14,0,82,,2086,2,0,12 13 14,0,42,,2085,2,0,12 13 14,0,81,,2084,2,0,12 13 14,0,82,,2083,2,0,12 13 14,0,42,,2082,2,0,12 13 14,0,82,,2080,2,0,12 13 14,0,82,,2079,2,0,12 13 14,0,42,,2078,2,0,12 13 14,0
