701,'5478',831,,1577,38,,,0,110,,1578,38,,,0,110,,1579,38,,,0,149,,1580,38,,,0,111,,1581,38,,,0,108,,1582,38,,,0,112,,1583,38,,,0,110,,1584,38,,,0,160,,2429,38,,,0,109,,1586,38,,,0,119,,2430,38,,,0,120,,2431,38,,,0
701,'5591',840,,725,38,,,0,166,,724,38,,,0,39,,2442,38,,,0,96,,727,38,,,0,175,,726,38,,,0,95,,2444,38,,,0,41,,729,38,,,0,176,,728,38,,,0,174,,730,38,,,0,130,,731,38,,,0,95,,2443,38,,,0,120,,2441,38,,,0
701,'5592',720,,2445,38,,,0
701,'5595',720,,2432,38,,,0
701,'5596',830,,2426,38,,,0,222,,1571,38,,,0,262,,1574,38,,,0,219,,1575,38,,,0,219,,2427,38,,,0,149,,2428,38,,,0
701,'5597',830,,2433,38,,,0,222,,1590,38,,,0,262,,1593,38,,,0,219,,1594,38,,,0,219,,2434,38,,,0,149,,2435,38,,,0
701,'5598',830,,2436,38,,,0,222,,1596,38,,,0,262,,2438,38,,,0,219,,2439,38,,,0,219,,2437,38,,,0,149,,2440,38,,,0
801,'5478',905,,2448,31,,,0,110,,2449,31,,,0,110,,2450,31,,,0,110,,2451,31,,,0,111,,2452,31,,,0,109,,2453,31,,,0,149,,2454,31,,,0,121,,1607,31,,,0,110,,2455,31,,,0,111,,2456,31,,,0,162,,2457,31,,,0
801,'5591',923,,768,31,,,0,90,,770,31,,,0,42,,771,31,,,0,174,,765,31,,,0,174,,764,31,,,0,136,,763,31,,,0,177,,762,31,,,0,132,,767,31,,,0,163,,766,31,,,0,96,,2464,31,,,0
801,'5592',640,,2465,31,,,0,164,,2466,31,,,0
801,'5595',640,,2458,31,,,0,164,,2459,31,,,0
801,'5596',939,,1606,31,,,0,220,,1605,31,,,0,260,,2447,31,,,0,220,,2446,31,,,0
801,'5597',939,,1616,31,,,0,220,,1615,31,,,0,260,,2461,31,,,0,220,,2460,31,,,0
801,'5598',939,,1620,31,,,0,220,,1619,31,,,0,260,,2463,31,,,0,220,,2462,31,,,0
