900,'4159',928,,1623,11,,,0,72,,1629,11,,,0,32,,790,11,,,0,72,,1628,11,,,0,32,,788,11,,,0,72,,1627,11,,,0,33,,785,11,,,0,72,,784,11,,,0,32,,1625,11,,,0,72,,1626,11,,,0,32,,1624,11,,,0,72,,781,11,,,0,31,,780,11,,,0,72,,776,11,,,0,32,,779,11,,,0,72,,778,11,,,0,72,,777,11,,,0,32,,775,11,,,0
900,'4616',856,,2467,11,,,0,72,,1648,11,,,0,73,,2478,11,,,0,32,,1646,11,,,0,72,,2477,11,,,0,32,,1647,11,,,0,73,,2476,11,,,0,32,,1645,11,,,0,72,,2475,11,,,0,32,,1644,11,,,0,72,,2474,11,,,0,32,,1642,11,,,0,72,,2473,11,,,0,32,,1640,11,,,0,72,,2472,11,,,0,32,,2471,11,,,0,70,,1638,11,,,0,72,,1637,11,,,0,32,,1636,11,,,0,72,,1635,11,,,0,32,,1634,11,,,0,72,,1633,11,,,0,32,,2470,11,,,0,72,,2469,11,,,0,32,,2468,11,,,0
900,'4753',1529,,1656,11,,,0,77,,1659,11,,,0,37,,1655,11,,,0,75,,1660,11,,,0,37,,1654,11,,,0,76,,1649,11,,,0,71,,1651,11,,,0,33,,1658,11,,,0,72,,1657,11,,,0,32,,1653,11,,,0,72,,1650,11,,,0,32,,1652,11,,,0
900,'4754',928,,1661,11,,,0,72,,1667,11,,,0,32,,845,11,,,0,72,,1666,11,,,0,32,,843,11,,,0,72,,1665,11,,,0,33,,840,11,,,0,72,,839,11,,,0,32,,1663,11,,,0,72,,1664,11,,,0,32,,1662,11,,,0,72,,836,11,,,0,31,,835,11,,,0,72,,831,11,,,0,32,,834,11,,,0,72,,833,11,,,0,72,,832,11,,,0,32,,830,11,,,0
900,'4755',928,,1668,11,,,0,72,,1674,11,,,0,32,,863,11,,,0,72,,1673,11,,,0,32,,861,11,,,0,72,,1672,11,,,0,33,,858,11,,,0,72,,857,11,,,0,32,,2480,11,,,0,72,,2481,11,,,0,32,,2479,11,,,0,72,,854,11,,,0,31,,853,11,,,0,72,,849,11,,,0,32,,852,11,,,0,72,,851,11,,,0,72,,850,11,,,0,32,,848,11,,,0
900,'4880',740,,870,11,,,0,76,,887,11,,,0,37,,871,11,,,0,76,,869,11,,,0
900,'4881',1529,,1679,11,,,0,77,,1681,11,,,0,37,,1678,11,,,0,75,,1682,11,,,0,37,,1677,11,,,0,76,,1675,11,,,0,71,,1676,11,,,0,33,,1680,11,,,0
900,'5441',721,,2495,11,,,0,37,,2488,11,,,0,77,,2487,11,,,0,76,,2490,11,,,0,36,,2497,11,,,0,76,,2494,11,,,0,36,,2500,11,,,0,76,,2499,11,,,0,76,,2493,11,,,0,36,,2492,11,,,0,76,,2491,11,,,0,35,,2496,11,,,0,76,,2482,11,,,0,77,,2484,11,,,0,37,,2498,11,,,0,77,,2489,11,,,0,76,,2483,11,,,0,36,,2485,11,,,0,76,,2486,11,,,0
6001,'4616',1051,,1028,24,,,0,174,,1027,24,,,0,227,,1029,24,,,0,171,,1030,24,,,0
6001,'5441',710,,2543,29,,,0,242,,2540,29,,,0,175,,2544,25,,,0,396,,2542,29,,,0,217,,2541,29,,,0
