300,'5478',845,,2036,19,0,12 13 14,0,80,,2048,19,0,12 13 14,0,80,,2053,19,0,12 13 14,0,40,,2055,19,0,12 13 14,0,81,,2056,19,0,12 13 14,0,80,,2054,19,0,12 13 14,0,41,,2052,19,0,12 13 14,0,80,,2051,19,0,12 13 14,0,81,,2050,19,0,12 13 14,0,40,,2049,18,0,12 13 14,0,80,,2047,18,0,12 13 14,0,80,,2046,19,0,12 13 14,0,40,,2042,19,0,12 13 14,0,80,,2045,19,0,12 13 14,0,79,,2044,19,0,12 13 14,0,40,,2043,19,0,12 13 14,0,79,,2041,19,0,12 13 14,0,79,,2040,19,0,12 13 14,0,38,,2039,19,0,12 13 14,0,79,,2038,19,0,12 13 14,0,80,,2037,19,0,12 13 14,0
300,'5591',642,,2104,19,0,12 13 14,0,80,,2103,19,0,12 13 14,0,79,,2101,19,0,12 13 14,0,51,,2099,19,0,12 13 14,0,105,,2112,19,0,12 13 14,0,66,,2105,19,0,12 13 14,0,127,,2107,19,0,12 13 14,0,168,,2093,19,0,12 13 14,0,90,,2106,19,0,12 13 14,0,25,,2111,19,0,12 13 14,0,26,,2092,19,0,12 13 14,0,70,,2110,19,0,12 13 14,0,99,,2102,19,0,12 13 14,0,100,,2100,19,0,12 13 14,0,26,,2109,19,0,12 13 14,0,78,,2108,19,0,12 13 14,0,79,,2098,19,0,12 13 14,0,39,,2096,19,0,12 13 14,0,82,,2095,19,0,12 13 14,0,85,,2097,19,0,12 13 14,0,84,,2094,19,0,12 13 14,0
300,'5592',932,,2113,19,0,12 13 14,0,176,,2115,19,0,12 13 14,0,127,,2116,19,0,12 13 14,0,323,,2114,19,0,12 13 14,0,100,,2117,19,0,12 13 14,0
300,'5595',932,,2057,19,0,12 13 14,0,176,,2059,19,0,12 13 14,0,127,,2060,19,0,12 13 14,0,323,,2058,19,0,12 13 14,0,100,,2061,19,0,12 13 14,0
300,'5596',925,,2021,19,0,12 13 14,0,82,,2035,19,0,12 13 14,0,42,,2034,19,0,12 13 14,0,83,,2033,19,0,12 13 14,0,82,,2032,19,0,12 13 14,0,42,,2025,19,0,12 13 14,0,82,,2031,19,0,12 13 14,0,82,,2030,19,0,12 13 14,0,82,,2029,19,0,12 13 14,0,41,,2028,19,0,12 13 14,0,83,,2027,19,0,12 13 14,0,82,,2026,19,0,12 13 14,0,42,,2024,19,0,12 13 14,0,81,,2023,19,0,12 13 14,0,82,,2022,19,0,12 13 14,0
300,'5597',925,,2062,19,0,12 13 14,0,82,,2076,19,0,12 13 14,0,42,,2075,19,0,12 13 14,0,83,,2074,19,0,12 13 14,0,82,,2073,19,0,12 13 14,0,42,,2066,19,0,12 13 14,0,82,,2072,19,0,12 13 14,0,82,,2071,19,0,12 13 14,0,82,,2070,19,0,12 13 14,0,41,,2069,19,0,12 13 14,0,83,,2068,19,0,12 13 14,0,82,,2067,19,0,12 13 14,0,42,,2065,19,0,12 13 14,0,81,,2064,19,0,12 13 14,0,82,,2063,19,0,12 13 14,0
300,'5598',925,,2077,19,0,12 13 14,0,82,,2091,19,0,12 13 14,0,42,,2090,19,0,12 13 14,0,83,,2089,19,0,12 13 14,0,82,,2088,19,0,12 13 14,0,42,,2081,19,0,12 13 14,0,82,,2087,19,0,12 13 14,0,82,,2086,19,0,12 13 14,0,82,,2085,19,0,12 13 14,0,41,,2084,19,0,12 13 14,0,83,,2083,19,0,12 13 14,0,82,,2082,19,0,12 13 14,0,42,,2080,19,0,12 13 14,0,81,,2079,19,0,12 13 14,0,82,,2078,19,0,12 13 14,0
701,'5478',836,,1577,45,,,0,110,,1578,45,,,0,110,,1579,45,,,0,149,,1580,45,,,0,111,,1581,45,,,0,108,,1582,45,,,0,112,,1583,45,,,0,110,,1584,45,,,0,160,,2429,45,,,0,109,,1586,45,,,0,119,,2430,45,,,0,120,,2431,45,,,0
701,'5591',846,,725,45,,,0,166,,724,45,,,0,39,,2442,45,,,0,98,,727,45,,,0,175,,726,45,,,0,95,,2444,45,,,0,40,,729,45,,,0,175,,728,45,,,0,174,,730,45,,,0,129,,731,45,,,0,95,,2443,45,,,0,119,,2441,45,,,0
701,'5592',725,,2445,45,,,0
701,'5595',725,,2432,45,,,0
701,'5596',835,,2426,45,,,0,222,,1571,45,,,0,262,,1574,45,,,0,219,,1575,45,,,0,219,,2427,45,,,0,148,,2428,45,,,0
701,'5597',835,,2433,45,,,0,222,,1590,45,,,0,262,,1593,45,,,0,219,,1594,45,,,0,219,,2434,45,,,0,148,,2435,45,,,0
701,'5598',835,,2436,45,,,0,222,,1596,45,,,0,262,,2438,45,,,0,219,,2439,45,,,0,219,,2437,45,,,0,148,,2440,45,,,0
801,'5478',910,,2448,38,,,0,110,,2449,38,,,0,110,,2450,38,,,0,110,,2451,38,,,0,111,,2452,38,,,0,149,,2453,38,,,0,109,,2454,38,,,0,121,,1607,38,,,0,110,,2455,38,,,0,111,,2456,38,,,0,162,,2457,38,,,0
801,'5591',929,,768,38,,,0,90,,770,38,,,0,82,,771,38,,,0,134,,765,38,,,0,174,,764,38,,,0,136,,763,38,,,0,177,,762,38,,,0,132,,767,38,,,0,162,,766,38,,,0,96,,2464,38,,,0
801,'5592',645,,2465,38,,,0,165,,2466,38,,,0
801,'5595',645,,2458,38,,,0,165,,2459,38,,,0
801,'5596',944,,1606,38,,,0,260,,1605,38,,,0,220,,2447,38,,,0,220,,2446,38,,,0
801,'5597',944,,1616,38,,,0,260,,1615,38,,,0,220,,2461,38,,,0,220,,2460,38,,,0
801,'5598',944,,1620,38,,,0,260,,1619,38,,,0,220,,2463,38,,,0,220,,2462,38,,,0
