701,'5478',823,,1577,29,,,0,110,,1578,29,,,0,110,,1579,29,,,0,109,,1580,29,,,0,151,,1581,29,,,0,108,,1582,29,,,0,112,,1583,29,,,0,110,,1584,29,,,0,120,,2429,29,,,0,149,,1586,29,,,0,119,,2430,29,,,0,120,,2431,29,,,0
701,'5591',831,,725,29,,,0,126,,724,29,,,0,79,,2442,29,,,0,95,,727,29,,,0,175,,726,29,,,0,95,,2444,29,,,0,41,,729,29,,,0,177,,728,29,,,0,135,,730,29,,,0,170,,731,29,,,0,96,,2443,29,,,0,120,,2441,29,,,0
701,'5592',711,,2445,29,,,0
701,'5595',711,,2432,29,,,0
701,'5596',822,,2426,29,,,0,221,,1571,29,,,0,262,,1574,29,,,0,219,,1575,29,,,0,219,,2427,29,,,0,110,,2428,29,,,0
701,'5597',822,,2433,29,,,0,221,,1590,29,,,0,262,,1593,29,,,0,219,,1594,29,,,0,219,,2434,29,,,0,110,,2435,29,,,0
701,'5598',822,,2436,29,,,0,221,,1596,29,,,0,262,,2438,29,,,0,219,,2439,29,,,0,219,,2437,29,,,0,110,,2440,29,,,0
801,'5478',857,,2448,22,,,0,150,,2449,22,,,0,110,,2450,22,,,0,110,,2451,22,,,0,111,,2452,22,,,0,109,,2453,22,,,0,109,,2454,22,,,0,161,,1607,22,,,0,110,,2455,22,,,0,111,,2456,22,,,0,162,,2457,22,,,0
801,'5591',914,,768,22,,,0,90,,770,22,,,0,41,,771,22,,,0,174,,765,22,,,0,135,,764,22,,,0,176,,763,22,,,0,177,,762,22,,,0,132,,767,22,,,0,164,,766,22,,,0,56,,2464,22,,,0
801,'5592',631,,2465,22,,,0,123,,2466,22,,,0
801,'5595',631,,2458,22,,,0,123,,2459,22,,,0
801,'5596',930,,1606,22,,,0,220,,1605,22,,,0,260,,2447,22,,,0,220,,2446,22,,,0
801,'5597',930,,1616,22,,,0,220,,1615,22,,,0,260,,2461,22,,,0,220,,2460,22,,,0
801,'5598',930,,1620,22,,,0,220,,1619,22,,,0,260,,2463,22,,,0,220,,2462,22,,,0
