701,'4159',827,,2426,35,,,0,221,,1571,35,,,0,262,,1574,35,,,0,219,,1575,35,,,0,219,,2427,35,,,0,110,,2428,35,,,0
701,'4616',827,,1577,35,,,0,110,,1578,35,,,0,110,,1579,35,,,0,109,,1580,35,,,0,151,,1581,35,,,0,108,,1582,35,,,0,112,,1583,35,,,0,110,,1584,35,,,0,120,,2429,35,,,0,149,,1586,35,,,0,119,,2430,35,,,0,120,,2431,35,,,0
701,'4753',716,,2432,35,,,0
701,'4754',827,,2433,35,,,0,221,,1590,35,,,0,262,,1593,35,,,0,219,,1594,35,,,0,219,,2434,35,,,0,110,,2435,35,,,0
701,'4755',827,,2436,35,,,0,221,,1596,35,,,0,262,,2438,35,,,0,219,,2439,35,,,0,219,,2437,35,,,0,110,,2440,35,,,0
701,'4880',836,,725,35,,,0,166,,724,35,,,0,39,,2442,35,,,0,95,,727,35,,,0,175,,726,35,,,0,95,,2444,35,,,0,41,,729,35,,,0,177,,728,35,,,0,134,,730,35,,,0,170,,731,35,,,0,96,,2443,35,,,0,120,,2441,35,,,0
701,'4881',716,,2445,35,,,0
801,'4159',935,,1606,28,,,0,220,,1605,28,,,0,260,,2447,28,,,0,220,,2446,28,,,0
801,'4616',901,,2448,28,,,0,110,,2449,28,,,0,110,,2450,28,,,0,110,,2451,28,,,0,111,,2452,28,,,0,109,,2453,28,,,0,149,,2454,28,,,0,121,,1607,28,,,0,110,,2455,28,,,0,111,,2456,28,,,0,162,,2457,28,,,0
801,'4753',636,,2458,28,,,0,164,,2459,28,,,0
801,'4754',935,,1616,28,,,0,220,,1615,28,,,0,260,,2461,28,,,0,220,,2460,28,,,0
801,'4755',935,,1620,28,,,0,220,,1619,28,,,0,260,,2463,28,,,0,220,,2462,28,,,0
801,'4880',919,,768,28,,,0,90,,770,28,,,0,41,,771,28,,,0,174,,765,28,,,0,135,,764,28,,,0,176,,763,28,,,0,177,,762,28,,,0,132,,767,28,,,0,164,,766,28,,,0,96,,2464,28,,,0
801,'4881',636,,2465,28,,,0,164,,2466,28,,,0
