300,'4159',915,,2021,6,0,12 13 14,0,42,,2035,6,0,12 13 14,0,82,,2034,6,0,12 13 14,0,82,,2033,6,0,12 13 14,0,82,,2032,6,0,12 13 14,0,42,,2025,6,0,12 13 14,0,82,,2031,6,0,12 13 14,0,82,,2030,6,0,12 13 14,0,42,,2029,6,0,12 13 14,0,81,,2028,6,0,12 13 14,0,82,,2027,6,0,12 13 14,0,42,,2026,6,0,12 13 14,0,82,,2024,6,0,12 13 14,0,82,,2023,6,0,12 13 14,0,82,,2022,6,0,12 13 14,0
300,'4616',834,,2036,6,0,12 13 14,0,80,,2048,6,0,12 13 14,0,40,,2053,6,0,12 13 14,0,80,,2055,6,0,12 13 14,0,81,,2056,6,0,12 13 14,0,40,,2054,6,0,12 13 14,0,80,,2052,6,0,12 13 14,0,80,,2051,6,0,12 13 14,0,41,,2050,6,0,12 13 14,0,81,,2049,6,0,12 13 14,0,80,,2047,6,0,12 13 14,0,38,,2046,6,0,12 13 14,0,80,,2042,6,0,12 13 14,0,80,,2045,6,0,12 13 14,0,40,,2044,6,0,12 13 14,0,80,,2043,6,0,12 13 14,0,79,,2041,6,0,12 13 14,0,40,,2040,6,0,12 13 14,0,78,,2039,6,0,12 13 14,0,80,,2038,6,0,12 13 14,0,40,,2037,6,0,12 13 14,0
300,'4753',921,,2057,6,0,12 13 14,0,135,,2059,6,0,12 13 14,0,166,,2060,6,0,12 13 14,0,322,,2058,6,0,12 13 14,0,100,,2061,6,0,12 13 14,0
300,'4754',915,,2062,6,0,12 13 14,0,42,,2076,6,0,12 13 14,0,82,,2075,6,0,12 13 14,0,82,,2074,6,0,12 13 14,0,82,,2073,6,0,12 13 14,0,42,,2066,6,0,12 13 14,0,82,,2072,6,0,12 13 14,0,82,,2071,6,0,12 13 14,0,42,,2070,6,0,12 13 14,0,81,,2069,6,0,12 13 14,0,82,,2068,6,0,12 13 14,0,42,,2067,6,0,12 13 14,0,82,,2065,6,0,12 13 14,0,82,,2064,6,0,12 13 14,0,82,,2063,6,0,12 13 14,0
300,'4755',915,,2077,6,0,12 13 14,0,42,,2091,6,0,12 13 14,0,82,,2090,6,0,12 13 14,0,82,,2089,6,0,12 13 14,0,82,,2088,6,0,12 13 14,0,42,,2081,6,0,12 13 14,0,82,,2087,6,0,12 13 14,0,82,,2086,6,0,12 13 14,0,42,,2085,6,0,12 13 14,0,81,,2084,6,0,12 13 14,0,82,,2083,6,0,12 13 14,0,42,,2082,6,0,12 13 14,0,82,,2080,6,0,12 13 14,0,82,,2079,6,0,12 13 14,0,82,,2078,6,0,12 13 14,0
300,'5441',632,,2104,6,0,12 13 14,0,80,,2103,6,0,12 13 14,0,38,,2101,6,0,12 13 14,0,91,,2099,6,0,12 13 14,0,105,,2112,6,0,12 13 14,0,65,,2105,6,0,12 13 14,0,127,,2107,6,0,12 13 14,0,167,,2093,6,0,12 13 14,0,49,,2106,6,0,12 13 14,0,65,,2111,6,0,12 13 14,0,25,,2092,6,0,12 13 14,0,70,,2110,6,0,12 13 14,0,100,,2102,6,0,12 13 14,0,100,,2100,6,0,12 13 14,0,29,,2109,6,0,12 13 14,0,78,,2108,6,0,12 13 14,0,79,,2098,6,0,12 13 14,0,40,,2096,6,0,12 13 14,0,82,,2095,6,0,12 13 14,0,85,,2097,6,0,12 13 14,0,45,,2094,6,0,12 13 14,0
300,'5442',921,,2113,6,0,12 13 14,0,135,,2115,6,0,12 13 14,0,166,,2116,6,0,12 13 14,0,322,,2114,6,0,12 13 14,0,100,,2117,6,0,12 13 14,0
900,'4159',926,,1623,8,,,0,32,,1629,8,,,0,72,,790,8,,,0,72,,1628,8,,,0,32,,788,8,,,0,72,,1627,8,,,0,33,,785,8,,,0,72,,784,8,,,0,32,,1625,8,,,0,72,,1626,8,,,0,32,,1624,8,,,0,72,,781,8,,,0,31,,780,8,,,0,72,,776,8,,,0,32,,779,8,,,0,72,,778,8,,,0,32,,777,8,,,0,72,,775,8,,,0
900,'4616',854,,2467,8,,,0,72,,1648,8,,,0,33,,2478,8,,,0,72,,1646,8,,,0,72,,2477,8,,,0,32,,1647,8,,,0,72,,2476,8,,,0,32,,1645,8,,,0,72,,2475,8,,,0,32,,1644,8,,,0,72,,2474,8,,,0,32,,1642,8,,,0,72,,2473,8,,,0,32,,1640,8,,,0,72,,2472,8,,,0,32,,2471,8,,,0,71,,1638,8,,,0,32,,1637,8,,,0,72,,1636,8,,,0,72,,1635,8,,,0,32,,1634,8,,,0,72,,1633,8,,,0,32,,2470,8,,,0,72,,2469,8,,,0,32,,2468,8,,,0
900,'4753',1526,,1656,8,,,0,77,,1659,8,,,0,37,,1655,8,,,0,75,,1660,8,,,0,37,,1654,8,,,0,76,,1649,8,,,0,72,,1651,8,,,0,33,,1658,8,,,0,72,,1657,8,,,0,32,,1653,8,,,0,72,,1650,8,,,0,32,,1652,8,,,0
900,'4754',926,,1661,8,,,0,32,,1667,8,,,0,72,,845,8,,,0,72,,1666,8,,,0,32,,843,8,,,0,72,,1665,8,,,0,33,,840,8,,,0,72,,839,8,,,0,32,,1663,8,,,0,72,,1664,8,,,0,32,,1662,8,,,0,72,,836,8,,,0,31,,835,8,,,0,72,,831,8,,,0,32,,834,8,,,0,72,,833,8,,,0,32,,832,8,,,0,72,,830,8,,,0
900,'4755',926,,1668,8,,,0,32,,1674,8,,,0,72,,863,8,,,0,72,,1673,8,,,0,32,,861,8,,,0,72,,1672,8,,,0,33,,858,8,,,0,72,,857,8,,,0,32,,2480,8,,,0,72,,2481,8,,,0,32,,2479,8,,,0,72,,854,8,,,0,31,,853,8,,,0,72,,849,8,,,0,32,,852,8,,,0,72,,851,8,,,0,32,,850,8,,,0,72,,848,8,,,0
900,'4880',737,,870,8,,,0,76,,887,8,,,0,37,,871,8,,,0,76,,869,8,,,0
900,'4881',1526,,1679,8,,,0,77,,1681,8,,,0,37,,1678,8,,,0,75,,1682,8,,,0,37,,1677,8,,,0,76,,1675,8,,,0,72,,1676,8,,,0,33,,1680,8,,,0
900,'5441',719,,2495,8,,,0,36,,2488,8,,,0,77,,2487,8,,,0,76,,2490,8,,,0,36,,2497,8,,,0,76,,2494,8,,,0,36,,2500,8,,,0,76,,2499,8,,,0,76,,2493,8,,,0,36,,2492,8,,,0,76,,2491,8,,,0,35,,2496,8,,,0,76,,2482,8,,,0,77,,2484,8,,,0,37,,2498,8,,,0,77,,2489,8,,,0,36,,2483,8,,,0,76,,2485,8,,,0,76,,2486,8,,,0
6001,'4616',1048,,1028,21,,,0,174,,1027,21,,,0,227,,1029,21,,,0,171,,1030,21,,,0
6001,'5441',707,,2543,26,,,0,242,,2540,26,,,0,175,,2544,22,,,0,396,,2542,26,,,0,217,,2541,26,,,0
