701,'5478',822,,1577,26,,,0,110,,1578,26,,,0,110,,1579,26,,,0,109,,1580,26,,,0,151,,1581,26,,,0,108,,1582,26,,,0,112,,1583,26,,,0,110,,1584,26,,,0,120,,2429,26,,,0,149,,1586,26,,,0,119,,2430,26,,,0,120,,2431,26,,,0
701,'5591',830,,725,26,,,0,126,,724,26,,,0,79,,2442,26,,,0,95,,727,26,,,0,174,,726,26,,,0,55,,2444,26,,,0,81,,729,26,,,0,177,,728,26,,,0,136,,730,26,,,0,170,,731,26,,,0,96,,2443,26,,,0,120,,2441,26,,,0
701,'5592',710,,2445,26,,,0
701,'5595',710,,2432,26,,,0
701,'5596',821,,2426,26,,,0,221,,1571,26,,,0,261,,1574,26,,,0,220,,1575,26,,,0,219,,2427,26,,,0,110,,2428,26,,,0
701,'5597',821,,2433,26,,,0,221,,1590,26,,,0,261,,1593,26,,,0,220,,1594,26,,,0,219,,2434,26,,,0,110,,2435,26,,,0
701,'5598',821,,2436,26,,,0,221,,1596,26,,,0,261,,2438,26,,,0,220,,2439,26,,,0,219,,2437,26,,,0,110,,2440,26,,,0
801,'5478',856,,2448,19,,,0,150,,2449,19,,,0,110,,2450,19,,,0,110,,2451,19,,,0,111,,2452,19,,,0,109,,2453,19,,,0,109,,2454,19,,,0,161,,1607,19,,,0,110,,2455,19,,,0,111,,2456,19,,,0,122,,2457,19,,,0
801,'5591',913,,768,19,,,0,89,,770,19,,,0,41,,771,19,,,0,174,,765,19,,,0,135,,764,19,,,0,176,,763,19,,,0,177,,762,19,,,0,133,,767,19,,,0,164,,766,19,,,0,56,,2464,19,,,0
801,'5592',630,,2465,19,,,0,122,,2466,19,,,0
801,'5595',630,,2458,19,,,0,122,,2459,19,,,0
801,'5596',929,,1606,19,,,0,220,,1605,19,,,0,260,,2447,19,,,0,220,,2446,19,,,0
801,'5597',929,,1616,19,,,0,220,,1615,19,,,0,260,,2461,19,,,0,220,,2460,19,,,0
801,'5598',929,,1620,19,,,0,220,,1619,19,,,0,260,,2463,19,,,0,220,,2462,19,,,0
