100,'4159',1200,,1104,5,,,0,110,,1924,5,,,0,110,,4,5,,,0,110,,1925,5,,,0,110,,1,5,,,0
100,'4616',832,,1927,5,,,0,108,,1113,5,,,0,110,,1112,5,,,0,150,,1111,5,,,0,110,,1107,5,,,0,111,,1110,5,,,0,110,,1109,5,,,0,111,,1108,5,,,0,160,,1106,5,,,0,110,,1926,5,,,0
100,'4753',837,,1121,5,,,0,105,,1120,5,,,0,110,,1119,5,,,0,150,,1118,5,,,0,110,,1117,5,,,0,110,,1930,5,,,0,113,,1929,5,,,0,108,,1928,5,,,0
100,'4754',1200,,1124,5,,,0,110,,1931,5,,,0,110,,27,5,,,0,110,,1932,5,,,0,110,,24,5,,,0
100,'4755',1200,,1935,5,,,0,110,,1933,5,,,0,110,,32,5,,,0,110,,1934,5,,,0,110,,29,5,,,0
100,'4881',837,,1136,5,,,0,105,,1135,5,,,0,110,,1134,5,,,0,150,,1133,5,,,0,110,,1132,5,,,0
100,'5441',652,,1939,5,,,0,101,,1936,5,,,0,1049,,1938,5,,,0,109,,1937,5,,,0
100,'5442',1422,,1942,5,,,0,113,,1941,5,,,0,108,,1940,5,,,0
6101,'4880',938,,1041,3,,,0,273,,1045,7,,,0,541,,1042,7,,,0,165,,1043,7,,,0
6101,'5441',729,,2546,7,,,0
