300,'4159',923,,2021,18,0,12 13 14,0,82,,2035,18,0,12 13 14,0,42,,2034,18,0,12 13 14,0,83,,2033,18,0,12 13 14,0,82,,2032,18,0,12 13 14,0,42,,2025,18,0,12 13 14,0,82,,2031,18,0,12 13 14,0,82,,2030,18,0,12 13 14,0,82,,2029,18,0,12 13 14,0,41,,2028,18,0,12 13 14,0,83,,2027,18,0,12 13 14,0,82,,2026,18,0,12 13 14,0,42,,2024,18,0,12 13 14,0,81,,2023,18,0,12 13 14,0,82,,2022,18,0,12 13 14,0
300,'4616',843,,2036,18,0,12 13 14,0,80,,2048,18,0,12 13 14,0,80,,2053,18,0,12 13 14,0,40,,2055,18,0,12 13 14,0,81,,2056,18,0,12 13 14,0,80,,2054,18,0,12 13 14,0,40,,2052,18,0,12 13 14,0,80,,2051,18,0,12 13 14,0,81,,2050,18,0,12 13 14,0,200,,2046,18,0,12 13 14,0,40,,2042,18,0,12 13 14,0,80,,2045,18,0,12 13 14,0,79,,2044,18,0,12 13 14,0,40,,2043,18,0,12 13 14,0,79,,2041,18,0,12 13 14,0,80,,2040,18,0,12 13 14,0,38,,2039,18,0,12 13 14,0,79,,2038,18,0,12 13 14,0,80,,2037,18,0,12 13 14,0
300,'4753',930,,2057,18,0,12 13 14,0,175,,2059,18,0,12 13 14,0,126,,2060,18,0,12 13 14,0,323,,2058,18,0,12 13 14,0,100,,2061,18,0,12 13 14,0
300,'4754',923,,2062,18,0,12 13 14,0,82,,2076,18,0,12 13 14,0,42,,2075,18,0,12 13 14,0,83,,2074,18,0,12 13 14,0,82,,2073,18,0,12 13 14,0,42,,2066,18,0,12 13 14,0,82,,2072,18,0,12 13 14,0,82,,2071,18,0,12 13 14,0,82,,2070,18,0,12 13 14,0,41,,2069,18,0,12 13 14,0,83,,2068,18,0,12 13 14,0,82,,2067,18,0,12 13 14,0,42,,2065,18,0,12 13 14,0,81,,2064,18,0,12 13 14,0,82,,2063,18,0,12 13 14,0
300,'4755',923,,2077,18,0,12 13 14,0,82,,2091,18,0,12 13 14,0,42,,2090,18,0,12 13 14,0,83,,2089,18,0,12 13 14,0,82,,2088,18,0,12 13 14,0,42,,2081,18,0,12 13 14,0,82,,2087,18,0,12 13 14,0,82,,2086,18,0,12 13 14,0,82,,2085,18,0,12 13 14,0,41,,2084,18,0,12 13 14,0,83,,2083,18,0,12 13 14,0,82,,2082,18,0,12 13 14,0,42,,2080,18,0,12 13 14,0,81,,2079,18,0,12 13 14,0,82,,2078,18,0,12 13 14,0
300,'4880',640,,2104,18,0,12 13 14,0,80,,2103,18,0,12 13 14,0,39,,2101,18,0,12 13 14,0,91,,2099,18,0,12 13 14,0,105,,2112,18,0,12 13 14,0,65,,2105,18,0,12 13 14,0,127,,2107,18,0,12 13 14,0,167,,2093,18,0,12 13 14,0,90,,2106,18,0,12 13 14,0,25,,2111,18,0,12 13 14,0,26,,2092,18,0,12 13 14,0,70,,2110,18,0,12 13 14,0,99,,2102,18,0,12 13 14,0,100,,2100,18,0,12 13 14,0,28,,2109,18,0,12 13 14,0,78,,2108,18,0,12 13 14,0,79,,2098,18,0,12 13 14,0,39,,2096,18,0,12 13 14,0,82,,2095,18,0,12 13 14,0,85,,2097,18,0,12 13 14,0,44,,2094,18,0,12 13 14,0
300,'4881',930,,2113,18,0,12 13 14,0,175,,2115,18,0,12 13 14,0,126,,2116,18,0,12 13 14,0,323,,2114,18,0,12 13 14,0,100,,2117,18,0,12 13 14,0
301,'4159',852,,2127,5,0,12 13 14,0,82,,2128,5,0,12 13 14,0,82,,2129,5,0,12 13 14,0,42,,2130,5,0,12 13 14,0,82,,2131,5,0,12 13 14,0,82,,2132,5,0,12 13 14,0,82,,2124,5,0,12 13 14,0,42,,2125,5,0,12 13 14,0,82,,2126,5,0,12 13 14,0,81,,2122,5,0,12 13 14,0,42,,2123,5,0,12 13 14,0,82,,2118,5,0,12 13 14,0,82,,2121,5,0,12 13 14,0,42,,2119,5,0,12 13 14,0,82,,2120,5,0,12 13 14,0
301,'4616',811,,2133,5,0,12 13 14,0,40,,2138,5,0,12 13 14,0,80,,2134,5,0,12 13 14,0,80,,2136,5,0,12 13 14,0,40,,2135,5,0,12 13 14,0,80,,2137,5,0,12 13 14,0,80,,2140,5,0,12 13 14,0,40,,2139,5,0,12 13 14,0,80,,2141,5,0,12 13 14,0,80,,2142,5,0,12 13 14,0,40,,2143,5,0,12 13 14,0,80,,2144,5,0,12 13 14,0,80,,2145,5,0,12 13 14,0,40,,2146,5,0,12 13 14,0,80,,2147,5,0,12 13 14,0,80,,2148,5,0,12 13 14,0,39,,2149,5,0,12 13 14,0,80,,2150,5,0,12 13 14,0,79,,2151,5,0,12 13 14,0,40,,2152,5,0,12 13 14,0,80,,2153,5,0,12 13 14,0
301,'4753',857,,2158,5,0,12 13 14,0,174,,2157,5,0,12 13 14,0,126,,2156,5,0,12 13 14,0,362,,2155,5,0,12 13 14,0,100,,2154,5,0,12 13 14,0
301,'4754',852,,2168,5,0,12 13 14,0,82,,2169,5,0,12 13 14,0,82,,2170,5,0,12 13 14,0,42,,2171,5,0,12 13 14,0,82,,2172,5,0,12 13 14,0,82,,2173,5,0,12 13 14,0,82,,2165,5,0,12 13 14,0,42,,2166,5,0,12 13 14,0,82,,2167,5,0,12 13 14,0,81,,2163,5,0,12 13 14,0,42,,2164,5,0,12 13 14,0,82,,2159,5,0,12 13 14,0,82,,2162,5,0,12 13 14,0,42,,2160,5,0,12 13 14,0,82,,2161,5,0,12 13 14,0
301,'4755',852,,2183,5,0,12 13 14,0,82,,2184,5,0,12 13 14,0,82,,2185,5,0,12 13 14,0,42,,2186,5,0,12 13 14,0,82,,2187,5,0,12 13 14,0,82,,2188,5,0,12 13 14,0,82,,2180,5,0,12 13 14,0,42,,2181,5,0,12 13 14,0,82,,2182,5,0,12 13 14,0,81,,2178,5,0,12 13 14,0,42,,2179,5,0,12 13 14,0,82,,2174,5,0,12 13 14,0,82,,2177,5,0,12 13 14,0,42,,2175,5,0,12 13 14,0,82,,2176,5,0,12 13 14,0
301,'4880',609,,2189,5,0,12 13 14,0,40,,2191,5,0,12 13 14,0,77,,2202,5,0,12 13 14,0,91,,2203,5,0,12 13 14,0,105,,2209,5,0,12 13 14,0,25,,2204,5,0,12 13 14,0,166,,2201,5,0,12 13 14,0,127,,2200,5,0,12 13 14,0,89,,2199,5,0,12 13 14,0,25,,2208,5,0,12 13 14,0,65,,2198,5,0,12 13 14,0,30,,2207,5,0,12 13 14,0,100,,2205,5,0,12 13 14,0,100,,2197,5,0,12 13 14,0,70,,2206,5,0,12 13 14,0,38,,2196,5,0,12 13 14,0,79,,2195,5,0,12 13 14,0,80,,2194,5,0,12 13 14,0,42,,2193,5,0,12 13 14,0,85,,2192,5,0,12 13 14,0,85,,2190,5,0,12 13 14,0
301,'4881',857,,2214,5,0,12 13 14,0,174,,2213,5,0,12 13 14,0,126,,2212,5,0,12 13 14,0,362,,2211,5,0,12 13 14,0,100,,2210,5,0,12 13 14,0
