300,'4159',921,,2021,16,0,12 13 14,0,82,,2035,16,0,12 13 14,0,42,,2034,16,0,12 13 14,0,83,,2033,16,0,12 13 14,0,82,,2032,16,0,12 13 14,0,42,,2025,16,0,12 13 14,0,82,,2031,16,0,12 13 14,0,82,,2030,16,0,12 13 14,0,42,,2029,16,0,12 13 14,0,81,,2028,16,0,12 13 14,0,83,,2027,16,0,12 13 14,0,82,,2026,16,0,12 13 14,0,42,,2024,16,0,12 13 14,0,81,,2023,16,0,12 13 14,0,82,,2022,16,0,12 13 14,0
300,'4616',841,,2036,16,0,12 13 14,0,80,,2048,16,0,12 13 14,0,80,,2053,16,0,12 13 14,0,40,,2055,16,0,12 13 14,0,81,,2056,16,0,12 13 14,0,80,,2054,16,0,12 13 14,0,40,,2052,16,0,12 13 14,0,80,,2051,16,0,12 13 14,0,81,,2050,16,0,12 13 14,0,40,,2049,16,0,12 13 14,0,80,,2047,16,0,12 13 14,0,80,,2046,16,0,12 13 14,0,40,,2042,16,0,12 13 14,0,80,,2045,16,0,12 13 14,0,79,,2044,16,0,12 13 14,0,40,,2043,16,0,12 13 14,0,79,,2041,16,0,12 13 14,0,80,,2040,16,0,12 13 14,0,38,,2039,16,0,12 13 14,0,79,,2038,16,0,12 13 14,0,40,,2037,16,0,12 13 14,0
300,'4753',928,,2057,16,0,12 13 14,0,175,,2059,16,0,12 13 14,0,126,,2060,16,0,12 13 14,0,323,,2058,16,0,12 13 14,0,100,,2061,16,0,12 13 14,0
300,'4754',921,,2062,16,0,12 13 14,0,82,,2076,16,0,12 13 14,0,42,,2075,16,0,12 13 14,0,83,,2074,16,0,12 13 14,0,82,,2073,16,0,12 13 14,0,42,,2066,16,0,12 13 14,0,82,,2072,16,0,12 13 14,0,82,,2071,16,0,12 13 14,0,42,,2070,16,0,12 13 14,0,81,,2069,16,0,12 13 14,0,83,,2068,16,0,12 13 14,0,82,,2067,16,0,12 13 14,0,42,,2065,16,0,12 13 14,0,81,,2064,16,0,12 13 14,0,82,,2063,16,0,12 13 14,0
300,'4755',921,,2077,16,0,12 13 14,0,82,,2091,16,0,12 13 14,0,42,,2090,16,0,12 13 14,0,83,,2089,16,0,12 13 14,0,82,,2088,16,0,12 13 14,0,42,,2081,16,0,12 13 14,0,82,,2087,16,0,12 13 14,0,82,,2086,16,0,12 13 14,0,42,,2085,16,0,12 13 14,0,81,,2084,16,0,12 13 14,0,83,,2083,16,0,12 13 14,0,82,,2082,16,0,12 13 14,0,42,,2080,16,0,12 13 14,0,81,,2079,16,0,12 13 14,0,82,,2078,16,0,12 13 14,0
300,'4880',638,,2104,16,0,12 13 14,0,80,,2103,16,0,12 13 14,0,39,,2101,16,0,12 13 14,0,91,,2099,16,0,12 13 14,0,105,,2112,16,0,12 13 14,0,65,,2105,16,0,12 13 14,0,127,,2107,16,0,12 13 14,0,167,,2093,16,0,12 13 14,0,90,,2106,16,0,12 13 14,0,25,,2111,16,0,12 13 14,0,26,,2092,16,0,12 13 14,0,70,,2110,16,0,12 13 14,0,99,,2102,16,0,12 13 14,0,100,,2100,16,0,12 13 14,0,28,,2109,16,0,12 13 14,0,78,,2108,16,0,12 13 14,0,79,,2098,16,0,12 13 14,0,39,,2096,16,0,12 13 14,0,82,,2095,16,0,12 13 14,0,85,,2097,16,0,12 13 14,0,45,,2094,16,0,12 13 14,0
300,'4881',928,,2113,16,0,12 13 14,0,175,,2115,16,0,12 13 14,0,126,,2116,16,0,12 13 14,0,323,,2114,16,0,12 13 14,0,100,,2117,16,0,12 13 14,0
301,'4159',850,,2127,3,0,12 13 14,0,82,,2128,3,0,12 13 14,0,82,,2129,3,0,12 13 14,0,42,,2130,3,0,12 13 14,0,82,,2131,3,0,12 13 14,0,82,,2132,3,0,12 13 14,0,82,,2124,3,0,12 13 14,0,42,,2125,3,0,12 13 14,0,82,,2126,3,0,12 13 14,0,81,,2122,3,0,12 13 14,0,42,,2123,3,0,12 13 14,0,82,,2118,3,0,12 13 14,0,82,,2121,3,0,12 13 14,0,42,,2119,3,0,12 13 14,0,82,,2120,3,0,12 13 14,0
301,'4616',809,,2133,3,0,12 13 14,0,40,,2138,3,0,12 13 14,0,80,,2134,3,0,12 13 14,0,80,,2136,3,0,12 13 14,0,40,,2135,3,0,12 13 14,0,80,,2137,3,0,12 13 14,0,80,,2140,3,0,12 13 14,0,40,,2139,3,0,12 13 14,0,80,,2141,3,0,12 13 14,0,80,,2142,3,0,12 13 14,0,40,,2143,3,0,12 13 14,0,80,,2144,3,0,12 13 14,0,80,,2145,3,0,12 13 14,0,40,,2146,3,0,12 13 14,0,80,,2147,3,0,12 13 14,0,80,,2148,3,0,12 13 14,0,40,,2149,3,0,12 13 14,0,80,,2150,3,0,12 13 14,0,79,,2151,3,0,12 13 14,0,40,,2152,3,0,12 13 14,0,80,,2153,3,0,12 13 14,0
301,'4753',855,,2158,3,0,12 13 14,0,174,,2157,3,0,12 13 14,0,126,,2156,3,0,12 13 14,0,362,,2155,3,0,12 13 14,0,100,,2154,3,0,12 13 14,0
301,'4754',850,,2168,3,0,12 13 14,0,82,,2169,3,0,12 13 14,0,82,,2170,3,0,12 13 14,0,42,,2171,3,0,12 13 14,0,82,,2172,3,0,12 13 14,0,82,,2173,3,0,12 13 14,0,82,,2165,3,0,12 13 14,0,42,,2166,3,0,12 13 14,0,82,,2167,3,0,12 13 14,0,81,,2163,3,0,12 13 14,0,42,,2164,3,0,12 13 14,0,82,,2159,3,0,12 13 14,0,82,,2162,3,0,12 13 14,0,42,,2160,3,0,12 13 14,0,82,,2161,3,0,12 13 14,0
301,'4755',850,,2183,3,0,12 13 14,0,82,,2184,3,0,12 13 14,0,82,,2185,3,0,12 13 14,0,42,,2186,3,0,12 13 14,0,82,,2187,3,0,12 13 14,0,82,,2188,3,0,12 13 14,0,82,,2180,3,0,12 13 14,0,42,,2181,3,0,12 13 14,0,82,,2182,3,0,12 13 14,0,81,,2178,3,0,12 13 14,0,42,,2179,3,0,12 13 14,0,82,,2174,3,0,12 13 14,0,82,,2177,3,0,12 13 14,0,42,,2175,3,0,12 13 14,0,82,,2176,3,0,12 13 14,0
301,'4880',607,,2189,3,0,12 13 14,0,40,,2191,3,0,12 13 14,0,77,,2202,3,0,12 13 14,0,91,,2203,3,0,12 13 14,0,105,,2209,3,0,12 13 14,0,25,,2204,3,0,12 13 14,0,166,,2201,3,0,12 13 14,0,127,,2200,3,0,12 13 14,0,89,,2199,3,0,12 13 14,0,25,,2208,3,0,12 13 14,0,65,,2198,3,0,12 13 14,0,30,,2207,3,0,12 13 14,0,100,,2205,3,0,12 13 14,0,100,,2197,3,0,12 13 14,0,70,,2206,3,0,12 13 14,0,38,,2196,3,0,12 13 14,0,80,,2195,3,0,12 13 14,0,80,,2194,3,0,12 13 14,0,42,,2193,3,0,12 13 14,0,85,,2192,3,0,12 13 14,0,85,,2190,3,0,12 13 14,0
301,'4881',855,,2214,3,0,12 13 14,0,174,,2213,3,0,12 13 14,0,126,,2212,3,0,12 13 14,0,362,,2211,3,0,12 13 14,0,100,,2210,3,0,12 13 14,0
