301,'4159',853,,2127,6,0,12 13 14,0,82,,2128,6,0,12 13 14,0,82,,2129,6,0,12 13 14,0,42,,2130,6,0,12 13 14,0,82,,2131,6,0,12 13 14,0,82,,2132,6,0,12 13 14,0,82,,2124,6,0,12 13 14,0,42,,2125,6,0,12 13 14,0,82,,2126,6,0,12 13 14,0,81,,2122,6,0,12 13 14,0,42,,2123,6,0,12 13 14,0,82,,2118,6,0,12 13 14,0,82,,2121,6,0,12 13 14,0,42,,2119,6,0,12 13 14,0,82,,2120,6,0,12 13 14,0
301,'4616',812,,2133,6,0,12 13 14,0,40,,2138,6,0,12 13 14,0,80,,2134,6,0,12 13 14,0,80,,2136,6,0,12 13 14,0,40,,2135,6,0,12 13 14,0,80,,2137,6,0,12 13 14,0,80,,2140,6,0,12 13 14,0,40,,2139,6,0,12 13 14,0,80,,2141,6,0,12 13 14,0,80,,2142,6,0,12 13 14,0,40,,2143,6,0,12 13 14,0,80,,2144,6,0,12 13 14,0,80,,2145,6,0,12 13 14,0,40,,2146,6,0,12 13 14,0,80,,2147,6,0,12 13 14,0,80,,2148,6,0,12 13 14,0,40,,2149,6,0,12 13 14,0,80,,2150,6,0,12 13 14,0,79,,2151,6,0,12 13 14,0,40,,2152,6,0,12 13 14,0,80,,2153,6,0,12 13 14,0
301,'4753',858,,2158,6,0,12 13 14,0,174,,2157,6,0,12 13 14,0,126,,2156,6,0,12 13 14,0,362,,2155,6,0,12 13 14,0,100,,2154,6,0,12 13 14,0
301,'4754',853,,2168,6,0,12 13 14,0,82,,2169,6,0,12 13 14,0,82,,2170,6,0,12 13 14,0,42,,2171,6,0,12 13 14,0,82,,2172,6,0,12 13 14,0,82,,2173,6,0,12 13 14,0,82,,2165,6,0,12 13 14,0,42,,2166,6,0,12 13 14,0,82,,2167,6,0,12 13 14,0,81,,2163,6,0,12 13 14,0,42,,2164,6,0,12 13 14,0,82,,2159,6,0,12 13 14,0,82,,2162,6,0,12 13 14,0,42,,2160,6,0,12 13 14,0,82,,2161,6,0,12 13 14,0
301,'4755',853,,2183,6,0,12 13 14,0,82,,2184,6,0,12 13 14,0,82,,2185,6,0,12 13 14,0,42,,2186,6,0,12 13 14,0,82,,2187,6,0,12 13 14,0,82,,2188,6,0,12 13 14,0,82,,2180,6,0,12 13 14,0,42,,2181,6,0,12 13 14,0,82,,2182,6,0,12 13 14,0,81,,2178,6,0,12 13 14,0,42,,2179,6,0,12 13 14,0,82,,2174,6,0,12 13 14,0,82,,2177,6,0,12 13 14,0,42,,2175,6,0,12 13 14,0,82,,2176,6,0,12 13 14,0
301,'4880',610,,2189,6,0,12 13 14,0,40,,2191,6,0,12 13 14,0,77,,2202,6,0,12 13 14,0,91,,2203,6,0,12 13 14,0,105,,2209,6,0,12 13 14,0,25,,2204,6,0,12 13 14,0,166,,2201,6,0,12 13 14,0,127,,2200,6,0,12 13 14,0,89,,2199,6,0,12 13 14,0,25,,2208,6,0,12 13 14,0,65,,2198,6,0,12 13 14,0,30,,2207,6,0,12 13 14,0,100,,2205,6,0,12 13 14,0,100,,2197,6,0,12 13 14,0,70,,2206,6,0,12 13 14,0,38,,2196,6,0,12 13 14,0,80,,2195,6,0,12 13 14,0,80,,2194,6,0,12 13 14,0,82,,2193,6,0,12 13 14,0,45,,2192,6,0,12 13 14,0,85,,2190,6,0,12 13 14,0
301,'4881',858,,2214,6,0,12 13 14,0,174,,2213,6,0,12 13 14,0,126,,2212,6,0,12 13 14,0,362,,2211,6,0,12 13 14,0,100,,2210,6,0,12 13 14,0
801,'4159',913,,1606,3,,,0,220,,1605,3,,,0,220,,2447,3,,,0,260,,2446,3,,,0
801,'4616',839,,2448,3,,,0,110,,2449,3,,,0,110,,2450,3,,,0,150,,2451,3,,,0,111,,2452,3,,,0,109,,2453,3,,,0,109,,2454,3,,,0,121,,1607,3,,,0,150,,2455,3,,,0,111,,2456,3,,,0,122,,2457,3,,,0
801,'4753',615,,2458,3,,,0,121,,2459,3,,,0
801,'4754',913,,1616,3,,,0,220,,1615,3,,,0,220,,2461,3,,,0,260,,2460,3,,,0
801,'4755',913,,1620,3,,,0,220,,1619,3,,,0,220,,2463,3,,,0,260,,2462,3,,,0
801,'4880',857,,768,3,,,0,89,,770,3,,,0,81,,771,3,,,0,173,,765,3,,,0,135,,764,3,,,0,176,,763,3,,,0,137,,762,3,,,0,173,,767,3,,,0,125,,766,3,,,0,96,,2464,3,,,0
801,'4881',615,,2465,3,,,0,121,,2466,3,,,0
