501,'4159',856,,2246,2,,,0,159,,2247,2,,,0,124,,2248,2,,,0,164,,2249,2,,,0,124,,2250,2,,,0,124,,2251,2,,,0,164,,2252,2,,,0,124,,2253,2,,,0
501,'4616',816,,1406,2,,,0,40,,2254,2,,,0,80,,2256,2,,,0,80,,2255,2,,,0,40,,2257,2,,,0,80,,2258,2,,,0,80,,2259,2,,,0,40,,2260,2,,,0,80,,2261,2,,,0,80,,2262,2,,,0,40,,2263,2,,,0,80,,2264,2,,,0,80,,2265,2,,,0,40,,2266,2,,,0,80,,2267,2,,,0,80,,2268,2,,,0,40,,2269,2,,,0,80,,2270,2,,,0,80,,2271,2,,,0,40,,1418,2,,,0,80,,2272,2,,,0
501,'4753',819,,2277,2,,,0,134,,2274,2,,,0,168,,2273,2,,,0,130,,2275,2,,,0,180,,2276,2,,,0
501,'4754',856,,2278,2,,,0,159,,2279,2,,,0,124,,2280,2,,,0,164,,2281,2,,,0,124,,2282,2,,,0,124,,2283,2,,,0,164,,2284,2,,,0,124,,2285,2,,,0
501,'4755',856,,2286,2,,,0,159,,2287,2,,,0,124,,2288,2,,,0,164,,2289,2,,,0,124,,2290,2,,,0,124,,2291,2,,,0,164,,2292,2,,,0,124,,2293,2,,,0
501,'4880',612,,2294,2,,,0,40,,2295,2,,,0,81,,2296,2,,,0,71,,2297,2,,,0,31,,2312,2,,,0,74,,2298,2,,,0,128,,2300,2,,,0,165,,2299,2,,,0,139,,2301,2,,,0,170,,2303,2,,,0,40,,2302,2,,,0,83,,2304,2,,,0,84,,2305,2,,,0,83,,2307,2,,,0,43,,2308,2,,,0,83,,2306,2,,,0,83,,2309,2,,,0,43,,2311,2,,,0,83,,2310,2,,,0
501,'4881',819,,2317,2,,,0,134,,2314,2,,,0,168,,2313,2,,,0,130,,2315,2,,,0,180,,2316,2,,,0
601,'4159',844,,1504,2,,,0,98,,2374,2,,,0,164,,2375,2,,,0,124,,2373,2,,,0,124,,2376,2,,,0,164,,2377,2,,,0,124,,2372,2,,,0,164,,2378,2,,,0
601,'4616',844,,1511,2,,,0,75,,2379,2,,,0,35,,1510,2,,,0,75,,2380,2,,,0,75,,1512,2,,,0,35,,2381,2,,,0,75,,1513,2,,,0,35,,2382,2,,,0,75,,1514,2,,,0,35,,2383,2,,,0,75,,1515,2,,,0,75,,2384,2,,,0,35,,1516,2,,,0,75,,2385,2,,,0,82,,2386,2,,,0,35,,2387,2,,,0,75,,1518,2,,,0,44,,2388,2,,,0,65,,1521,2,,,0,36,,1520,2,,,0
601,'4753',631,,1522,2,,,0,70,,1523,2,,,0,623,,1525,2,,,0,35,,1526,2,,,0,75,,1524,2,,,0,267,,2389,2,,,0,35,,2390,2,,,0,75,,2391,2,,,0,44,,2392,2,,,0,69,,2393,2,,,0,32,,2394,2,,,0
601,'4754',844,,1535,2,,,0,98,,2397,2,,,0,164,,2398,2,,,0,124,,2396,2,,,0,124,,2399,2,,,0,164,,2400,2,,,0,124,,2395,2,,,0,164,,2401,2,,,0
601,'4755',844,,1543,2,,,0,98,,2404,2,,,0,164,,2405,2,,,0,124,,2403,2,,,0,124,,2406,2,,,0,164,,2407,2,,,0,124,,2402,2,,,0,164,,2408,2,,,0
601,'4880',734,,2409,2,,,0,75,,2410,2,,,0,35,,2411,2,,,0,75,,2412,2,,,0,35,,2414,2,,,0,75,,2415,2,,,0,75,,2416,2,,,0,35,,2413,2,,,0,75,,2417,2,,,0,35,,2418,2,,,0,260,,2419,2,,,0,35,,2420,2,,,0,75,,2421,2,,,0
601,'4881',631,,1562,2,,,0,70,,1563,2,,,0,623,,1565,2,,,0,35,,1566,2,,,0,75,,1564,2,,,0,267,,2422,2,,,0,35,,2423,2,,,0,75,,2424,2,,,0,44,,2425,2,,,0
