701,'5478',829,,1577,37,,,0,110,,1578,37,,,0,110,,1579,37,,,0,109,,1580,37,,,0,151,,1581,37,,,0,108,,1582,37,,,0,112,,1583,37,,,0,110,,1584,37,,,0,120,,2429,37,,,0,149,,1586,37,,,0,119,,2430,37,,,0,120,,2431,37,,,0
701,'5591',838,,725,37,,,0,166,,724,37,,,0,39,,2442,37,,,0,95,,727,37,,,0,175,,726,37,,,0,95,,2444,37,,,0,41,,729,37,,,0,177,,728,37,,,0,174,,730,37,,,0,130,,731,37,,,0,96,,2443,37,,,0,120,,2441,37,,,0
701,'5592',718,,2445,37,,,0
701,'5595',718,,2432,37,,,0
701,'5596',829,,2426,37,,,0,221,,1571,37,,,0,262,,1574,37,,,0,219,,1575,37,,,0,219,,2427,37,,,0,150,,2428,37,,,0
701,'5597',829,,2433,37,,,0,221,,1590,37,,,0,262,,1593,37,,,0,219,,1594,37,,,0,219,,2434,37,,,0,150,,2435,37,,,0
701,'5598',829,,2436,37,,,0,221,,1596,37,,,0,262,,2438,37,,,0,219,,2439,37,,,0,219,,2437,37,,,0,150,,2440,37,,,0
801,'5478',903,,2448,30,,,0,110,,2449,30,,,0,110,,2450,30,,,0,110,,2451,30,,,0,111,,2452,30,,,0,109,,2453,30,,,0,149,,2454,30,,,0,121,,1607,30,,,0,110,,2455,30,,,0,111,,2456,30,,,0,162,,2457,30,,,0
801,'5591',921,,768,30,,,0,90,,770,30,,,0,41,,771,30,,,0,174,,765,30,,,0,175,,764,30,,,0,136,,763,30,,,0,177,,762,30,,,0,132,,767,30,,,0,164,,766,30,,,0,96,,2464,30,,,0
801,'5592',638,,2465,30,,,0,164,,2466,30,,,0
801,'5595',638,,2458,30,,,0,164,,2459,30,,,0
801,'5596',937,,1606,30,,,0,220,,1605,30,,,0,260,,2447,30,,,0,220,,2446,30,,,0
801,'5597',937,,1616,30,,,0,220,,1615,30,,,0,260,,2461,30,,,0,220,,2460,30,,,0
801,'5598',937,,1620,30,,,0,220,,1619,30,,,0,260,,2463,30,,,0,220,,2462,30,,,0
