301,'4159',909,,2127,18,0,12 13 14,0,42,,2128,18,0,12 13 14,0,82,,2129,18,0,12 13 14,0,82,,2130,18,0,12 13 14,0,42,,2131,18,0,12 13 14,0,82,,2132,18,0,12 13 14,0,82,,2124,18,0,12 13 14,0,82,,2125,18,0,12 13 14,0,42,,2126,18,0,12 13 14,0,82,,2122,18,0,12 13 14,0,82,,2123,18,0,12 13 14,0,42,,2118,18,0,12 13 14,0,82,,2121,18,0,12 13 14,0,82,,2119,18,0,12 13 14,0,42,,2120,18,0,12 13 14,0
301,'4616',829,,2133,18,0,12 13 14,0,80,,2138,18,0,12 13 14,0,40,,2134,18,0,12 13 14,0,80,,2136,18,0,12 13 14,0,80,,2135,18,0,12 13 14,0,40,,2137,18,0,12 13 14,0,80,,2140,18,0,12 13 14,0,80,,2139,18,0,12 13 14,0,41,,2141,18,0,12 13 14,0,80,,2142,18,0,12 13 14,0,80,,2143,18,0,12 13 14,0,39,,2144,18,0,12 13 14,0,80,,2145,18,0,12 13 14,0,80,,2146,18,0,12 13 14,0,40,,2147,18,0,12 13 14,0,80,,2148,18,0,12 13 14,0,79,,2149,18,0,12 13 14,0,40,,2150,18,0,12 13 14,0,79,,2151,18,0,12 13 14,0,80,,2152,18,0,12 13 14,0,40,,2153,18,0,12 13 14,0
301,'4753',915,,2158,18,0,12 13 14,0,135,,2157,18,0,12 13 14,0,166,,2156,18,0,12 13 14,0,322,,2155,18,0,12 13 14,0,100,,2154,18,0,12 13 14,0
301,'4754',909,,2168,18,0,12 13 14,0,42,,2169,18,0,12 13 14,0,82,,2170,18,0,12 13 14,0,82,,2171,18,0,12 13 14,0,42,,2172,18,0,12 13 14,0,82,,2173,18,0,12 13 14,0,82,,2165,18,0,12 13 14,0,82,,2166,18,0,12 13 14,0,42,,2167,18,0,12 13 14,0,82,,2163,18,0,12 13 14,0,82,,2164,18,0,12 13 14,0,42,,2159,18,0,12 13 14,0,82,,2162,18,0,12 13 14,0,82,,2160,18,0,12 13 14,0,42,,2161,18,0,12 13 14,0
301,'4755',909,,2183,18,0,12 13 14,0,42,,2184,18,0,12 13 14,0,82,,2185,18,0,12 13 14,0,82,,2186,18,0,12 13 14,0,42,,2187,18,0,12 13 14,0,82,,2188,18,0,12 13 14,0,82,,2180,18,0,12 13 14,0,82,,2181,18,0,12 13 14,0,42,,2182,18,0,12 13 14,0,82,,2178,18,0,12 13 14,0,82,,2179,18,0,12 13 14,0,42,,2174,18,0,12 13 14,0,82,,2177,18,0,12 13 14,0,82,,2175,18,0,12 13 14,0,42,,2176,18,0,12 13 14,0
301,'5441',626,,2189,18,0,12 13 14,0,80,,2191,18,0,12 13 14,0,38,,2202,18,0,12 13 14,0,91,,2203,18,0,12 13 14,0,105,,2209,18,0,12 13 14,0,65,,2204,18,0,12 13 14,0,127,,2201,18,0,12 13 14,0,127,,2200,18,0,12 13 14,0,89,,2199,18,0,12 13 14,0,65,,2208,18,0,12 13 14,0,25,,2198,18,0,12 13 14,0,70,,2207,18,0,12 13 14,0,100,,2205,18,0,12 13 14,0,100,,2197,18,0,12 13 14,0,29,,2206,18,0,12 13 14,0,78,,2196,18,0,12 13 14,0,39,,2195,18,0,12 13 14,0,80,,2194,18,0,12 13 14,0,82,,2193,18,0,12 13 14,0,85,,2192,18,0,12 13 14,0,45,,2190,18,0,12 13 14,0
301,'5442',915,,2214,18,0,12 13 14,0,135,,2213,18,0,12 13 14,0,166,,2212,18,0,12 13 14,0,322,,2211,18,0,12 13 14,0,100,,2210,18,0,12 13 14,0
901,'4159',921,,1688,12,,,0,32,,1689,12,,,0,72,,911,12,,,0,32,,1683,12,,,0,72,,898,12,,,0,72,,1684,12,,,0,33,,900,12,,,0,72,,896,12,,,0,32,,1685,12,,,0,72,,1686,12,,,0,32,,1687,12,,,0,72,,904,12,,,0,31,,905,12,,,0,72,,906,12,,,0,32,,907,12,,,0,72,,912,12,,,0,32,,909,12,,,0,72,,913,12,,,0
901,'4616',849,,2501,12,,,0,72,,1691,12,,,0,33,,2503,12,,,0,72,,1690,12,,,0,32,,2502,12,,,0,72,,1692,12,,,0,72,,2504,12,,,0,32,,1693,12,,,0,72,,2505,12,,,0,32,,1694,12,,,0,72,,2506,12,,,0,32,,1695,12,,,0,72,,2507,12,,,0,32,,1697,12,,,0,72,,2508,12,,,0,32,,2509,12,,,0,71,,1700,12,,,0,32,,1701,12,,,0,72,,1702,12,,,0,32,,1703,12,,,0,72,,1704,12,,,0,72,,1706,12,,,0,32,,2511,12,,,0,72,,2512,12,,,0,32,,2510,12,,,0
901,'4753',1520,,1720,12,,,0,37,,1719,12,,,0,77,,1714,12,,,0,76,,1713,12,,,0,37,,1712,12,,,0,76,,1711,12,,,0,32,,1710,12,,,0,73,,1709,12,,,0,72,,1715,12,,,0,32,,1716,12,,,0,72,,1717,12,,,0,32,,1718,12,,,0
901,'4754',921,,1726,12,,,0,32,,1727,12,,,0,72,,966,12,,,0,32,,1721,12,,,0,72,,953,12,,,0,72,,1722,12,,,0,33,,955,12,,,0,72,,951,12,,,0,32,,1723,12,,,0,72,,1724,12,,,0,32,,1725,12,,,0,72,,959,12,,,0,31,,960,12,,,0,72,,961,12,,,0,32,,962,12,,,0,72,,967,12,,,0,32,,964,12,,,0,72,,968,12,,,0
901,'4755',921,,1733,12,,,0,32,,1734,12,,,0,72,,984,12,,,0,32,,1728,12,,,0,72,,971,12,,,0,72,,1729,12,,,0,33,,973,12,,,0,72,,969,12,,,0,32,,2513,12,,,0,72,,2514,12,,,0,32,,2515,12,,,0,72,,977,12,,,0,31,,978,12,,,0,72,,979,12,,,0,32,,980,12,,,0,72,,985,12,,,0,32,,982,12,,,0,72,,986,12,,,0
901,'4880',732,,998,12,,,0,76,,1002,12,,,0,37,,999,12,,,0,76,,1000,12,,,0
901,'4881',1520,,1742,12,,,0,37,,1741,12,,,0,77,,1740,12,,,0,76,,1739,12,,,0,37,,1738,12,,,0,76,,1737,12,,,0,32,,1736,12,,,0,73,,1735,12,,,0
901,'5441',714,,2516,12,,,0,36,,2525,12,,,0,77,,2526,12,,,0,76,,2524,12,,,0,36,,2534,12,,,0,76,,2533,12,,,0,36,,2521,12,,,0,76,,2523,12,,,0,76,,2528,12,,,0,36,,2522,12,,,0,76,,2520,12,,,0,35,,2529,12,,,0,76,,2530,12,,,0,76,,2532,12,,,0,37,,2517,12,,,0,77,,2519,12,,,0,37,,2518,12,,,0,76,,2527,12,,,0,76,,2531,12,,,0
