701,'5478',825,,1577,32,,,0,110,,1578,32,,,0,110,,1579,32,,,0,109,,1580,32,,,0,151,,1581,32,,,0,108,,1582,32,,,0,112,,1583,32,,,0,110,,1584,32,,,0,120,,2429,32,,,0,149,,1586,32,,,0,119,,2430,32,,,0,120,,2431,32,,,0
701,'5591',834,,725,32,,,0,166,,724,32,,,0,39,,2442,32,,,0,95,,727,32,,,0,175,,726,32,,,0,95,,2444,32,,,0,41,,729,32,,,0,177,,728,32,,,0,134,,730,32,,,0,170,,731,32,,,0,96,,2443,32,,,0,120,,2441,32,,,0
701,'5592',714,,2445,32,,,0
701,'5595',714,,2432,32,,,0
701,'5596',825,,2426,32,,,0,221,,1571,32,,,0,262,,1574,32,,,0,219,,1575,32,,,0,219,,2427,32,,,0,110,,2428,32,,,0
701,'5597',825,,2433,32,,,0,221,,1590,32,,,0,262,,1593,32,,,0,219,,1594,32,,,0,219,,2434,32,,,0,110,,2435,32,,,0
701,'5598',825,,2436,32,,,0,221,,1596,32,,,0,262,,2438,32,,,0,219,,2439,32,,,0,219,,2437,32,,,0,110,,2440,32,,,0
801,'5478',859,,2448,25,,,0,150,,2449,25,,,0,110,,2450,25,,,0,110,,2451,25,,,0,111,,2452,25,,,0,109,,2453,25,,,0,109,,2454,25,,,0,161,,1607,25,,,0,110,,2455,25,,,0,111,,2456,25,,,0,162,,2457,25,,,0
801,'5591',917,,768,25,,,0,90,,770,25,,,0,41,,771,25,,,0,174,,765,25,,,0,135,,764,25,,,0,176,,763,25,,,0,177,,762,25,,,0,132,,767,25,,,0,164,,766,25,,,0,96,,2464,25,,,0
801,'5592',634,,2465,25,,,0,123,,2466,25,,,0
801,'5595',634,,2458,25,,,0,123,,2459,25,,,0
801,'5596',933,,1606,25,,,0,220,,1605,25,,,0,260,,2447,25,,,0,220,,2446,25,,,0
801,'5597',933,,1616,25,,,0,220,,1615,25,,,0,260,,2461,25,,,0,220,,2460,25,,,0
801,'5598',933,,1620,25,,,0,220,,1619,25,,,0,260,,2463,25,,,0,220,,2462,25,,,0
