701,'4159',833,,2426,42,,,0,221,,1571,42,,,0,262,,1574,42,,,0,219,,1575,42,,,0,219,,2427,42,,,0,149,,2428,42,,,0
701,'4616',833,,1577,42,,,0,110,,1578,42,,,0,110,,1579,42,,,0,149,,1580,42,,,0,111,,1581,42,,,0,108,,1582,42,,,0,112,,1583,42,,,0,110,,1584,42,,,0,160,,2429,42,,,0,109,,1586,42,,,0,119,,2430,42,,,0,120,,2431,42,,,0
701,'4753',722,,2432,42,,,0
701,'4754',833,,2433,42,,,0,221,,1590,42,,,0,262,,1593,42,,,0,219,,1594,42,,,0,219,,2434,42,,,0,149,,2435,42,,,0
701,'4755',833,,2436,42,,,0,221,,1596,42,,,0,262,,2438,42,,,0,219,,2439,42,,,0,219,,2437,42,,,0,149,,2440,42,,,0
701,'4880',844,,725,42,,,0,165,,724,42,,,0,40,,2442,42,,,0,96,,727,42,,,0,175,,726,42,,,0,95,,2444,42,,,0,41,,729,42,,,0,176,,728,42,,,0,173,,730,42,,,0,129,,731,42,,,0,96,,2443,42,,,0,119,,2441,42,,,0
701,'4881',722,,2445,42,,,0
801,'4159',941,,1606,35,,,0,260,,1605,35,,,0,220,,2447,35,,,0,220,,2446,35,,,0
801,'4616',907,,2448,35,,,0,110,,2449,35,,,0,110,,2450,35,,,0,110,,2451,35,,,0,111,,2452,35,,,0,109,,2453,35,,,0,149,,2454,35,,,0,121,,1607,35,,,0,110,,2455,35,,,0,111,,2456,35,,,0,162,,2457,35,,,0
801,'4753',642,,2458,35,,,0,165,,2459,35,,,0
801,'4754',941,,1616,35,,,0,260,,1615,35,,,0,220,,2461,35,,,0,220,,2460,35,,,0
801,'4755',941,,1620,35,,,0,260,,1619,35,,,0,220,,2463,35,,,0,220,,2462,35,,,0
801,'4880',926,,768,35,,,0,90,,770,35,,,0,42,,771,35,,,0,174,,765,35,,,0,175,,764,35,,,0,136,,763,35,,,0,176,,762,35,,,0,132,,767,35,,,0,163,,766,35,,,0,96,,2464,35,,,0
801,'4881',642,,2465,35,,,0,165,,2466,35,,,0
