1,100,'4159',1,1924,1925,4,1104
1,100,'4616',1926,1106,1107,1108,1109,1110,1111,1927,1112,1113
1,100,'4753',1928,1929,1930,1117,1118,1119,1120,1121
1,100,'4754',24,1931,1932,27,1124
1,100,'4755',29,1933,1934,32,1935
1,100,'4881',1132,1133,1134,1135,1136
1,100,'5441',1936,1937,1938,1939
1,100,'5442',1940,1941,1942
1,101,'4159',46,47,1137,1943,1944
1,101,'4616',1945,1140,1141,1142,1143,1144,1145,1146,1147,1946
1,101,'4753',1149,1150,1151,1152,1153,1947,1948,1949
1,101,'4754',69,70,1157,1950,1951
1,101,'4755',74,75,1952,1953,1954
1,101,'4881',1164,1165,1166,1167,1168
1,101,'5441',1955,1956,1957,1958
1,101,'5442',1959,1960,1961
2,201,'4159',91,1172,93,94,95,96,97,98,99,100,101,102,1173,1174,105
2,201,'4616',1175,1962,1176,1963,1177,1178,1964,1965,1179,1966,1967,1180,1181,1968,1183,1184,1185,1969,1187,1188,1189,1970,1191,1971,1192
2,201,'4753',1972,1973,1974,1975,1976,1977,1978,1979,1980,1981,1982,1983,1984,1985,1986,1987,1988,1989,1990,1991,1992,1993,1994
2,201,'4754',154,1216,156,157,158,159,160,161,162,163,164,165,1217,1218,168
2,201,'4755',169,1219,171,172,173,174,175,176,177,178,179,180,1220,1221,183
2,201,'5441',1995,1996,1997,1998,1999,2000
2,201,'5442',2001,2002,2003,2004,2005,2006,2007,2008,2009,2010,2011,2012,2013,2014,2015,2016,2017,2018,2019,2020
3,300,'4159',2021,2022,2023,2024,2025,2026,2027,2028,2029,2030,2031,2032,2033,2034,2035
3,300,'4616',2036,2037,2038,2039,2040,2041,2042,2043,2044,2045,2046,2047,2048,2049,2050,2051,2052,2053,2054,2055,2056
3,300,'4753',2057,2058,2059,2060,2061
3,300,'4754',2062,2063,2064,2065,2066,2067,2068,2069,2070,2071,2072,2073,2074,2075,2076
3,300,'4755',2077,2078,2079,2080,2081,2082,2083,2084,2085,2086,2087,2088,2089,2090,2091
3,300,'5441',2092,2093,2094,2095,2096,2097,2098,2099,2100,2101,2102,2103,2104,2105,2106,2107,2108,2109,2110,2111,2112
3,300,'5442',2113,2114,2115,2116,2117
3,301,'4159',2118,2119,2120,2121,2122,2123,2124,2125,2126,2127,2128,2129,2130,2131,2132
3,301,'4616',2133,2134,2135,2136,2137,2138,2139,2140,2141,2142,2143,2144,2145,2146,2147,2148,2149,2150,2151,2152,2153
3,301,'4753',2154,2155,2156,2157,2158
3,301,'4754',2159,2160,2161,2162,2163,2164,2165,2166,2167,2168,2169,2170,2171,2172,2173
3,301,'4755',2174,2175,2176,2177,2178,2179,2180,2181,2182,2183,2184,2185,2186,2187,2188
3,301,'5441',2189,2190,2191,2192,2193,2194,2195,2196,2197,2198,2199,2200,2201,2202,2203,2204,2205,2206,2207,2208,2209
3,301,'5442',2210,2211,2212,2213,2214
4,400,'4159',2215,1346,1347,2216,2217,2218,2219,1352,1353
4,400,'4616',1354,1355,1356,1357,1358,1359,1360,1361,2220,2221,1364
4,400,'4753',2222,1366,1367,1368,1369,1370,2223,2224,2225,2226
4,400,'4754',2227,1376,1377,2228,2229,2230,2231,1382,1383
4,400,'4755',2232,2233,1386,2234,2235,2236,2237,1391,1392
4,400,'4881',1398,1399,1400,1401,1402
4,400,'5441',2238,2239,2240,2241
4,400,'5442',2242,2243,2244,2245
5,501,'4159',2246,2247,2248,2249,2250,2251,2252,2253
5,501,'4616',1406,2254,2255,2256,2257,2258,2259,2260,2261,2262,2263,2264,2265,2266,2267,2268,2269,1418,2270,2271,2272
5,501,'4753',2273,2274,2275,2276,2277
5,501,'4754',2278,2279,2280,2281,2282,2283,2284,2285
5,501,'4755',2286,2287,2288,2289,2290,2291,2292,2293
5,501,'5441',2294,2295,2296,2297,2298,2299,2300,2301,2302,2303,2304,2305,2306,2307,2308,2309,2310,2311,2312
5,501,'5442',2313,2314,2315,2316,2317
6,600,'4159',2318,2319,2320,2321,2322,2323,2324,1440
6,600,'4616',1441,1442,2325,1444,2326,2327,2328,2329,1446,1447,2330,1448,2331,2332,1449,1450,2333,2334,1451,1452
6,600,'4753',2335,2336,2337,2338,2339,2340,1459,1460,1461,1462,1463
6,600,'4754',2341,2342,2343,2344,2345,2346,2347,1471
6,600,'4755',2348,2349,2350,2351,2352,2353,2354,1479
6,600,'4881',1497,1498,1499,1500,1501
6,600,'5441',2355,2356,2357,2358,2359,2360,2361,2362,2363,2364,2365,2366,2367
6,600,'5442',2368,2369,2370,2371
6,601,'4159',2372,2373,1504,2374,2375,2376,2377,2378
6,601,'4616',2379,1510,1511,1512,2380,2381,2382,1513,1514,2383,1515,2384,1516,2385,2386,2387,1518,2388,1520,1521
6,601,'4753',1522,1523,1524,1525,1526,2389,2390,2391,2392,2393,2394
6,601,'4754',2395,2396,1535,2397,2398,2399,2400,2401
6,601,'4755',2402,2403,1543,2404,2405,2406,2407,2408
6,601,'4881',1562,1563,1564,1565,1566
6,601,'5441',2409,2410,2411,2412,2413,2414,2415,2416,2417,2418,2419,2420,2421
6,601,'5442',2422,2423,2424,2425
7,701,'4159',1571,2426,2427,1574,1575,2428
7,701,'4616',1577,1578,1579,1580,1581,1582,1583,1584,2429,1586,2430,2431
7,701,'4753',2432
7,701,'4754',1590,2433,2434,1593,1594,2435
7,701,'4755',1596,2436,2437,2438,2439,2440
7,701,'4880',724,725,726,727,728,729,730,731
7,701,'5441',2441,2442,2443,2444
7,701,'5442',2445
8,801,'4159',2446,2447,1605,1606
8,801,'4616',2448,2449,2450,2451,2452,2453,2454,1607,2455,2456,2457
8,801,'4753',2458,2459
8,801,'4754',2460,2461,1615,1616
8,801,'4755',2462,2463,1619,1620
8,801,'4880',762,763,764,765,766,767,768,770,771
8,801,'5441',2464
8,801,'5442',2465,2466
9,900,'4159',1623,775,776,777,778,779,780,781,1624,1625,784,785,1626,1627,788,1628,790,1629
9,900,'4616',2467,2468,2469,2470,1633,1634,1635,1636,1637,1638,2471,1640,2472,1642,2473,2474,2475,1644,1645,2476,1646,1647,2477,2478,1648
9,900,'4753',1649,1650,1651,1652,1653,1654,1655,1656,1657,1658,1659,1660
9,900,'4754',1661,830,831,832,833,834,835,836,1662,1663,839,840,1664,1665,843,1666,845,1667
9,900,'4755',1668,848,849,850,851,852,853,854,2479,2480,857,858,2481,1672,861,1673,863,1674
9,900,'4880',869,870,871,887
9,900,'4881',1675,1676,1677,1678,1679,1680,1681,1682
9,900,'5441',2482,2483,2484,2485,2486,2487,2488,2489,2490,2491,2492,2493,2494,2495,2496,2497,2498,2499,2500
9,901,'4159',896,1683,898,1684,900,1685,1686,1687,904,905,906,907,1688,909,1689,911,912,913
9,901,'4616',2501,1690,2502,1691,2503,1692,2504,1693,2505,1694,2506,1695,2507,1697,2508,2509,1700,1701,1702,1703,1704,2510,1706,2511,2512
9,901,'4753',1709,1710,1711,1712,1713,1714,1715,1716,1717,1718,1719,1720
9,901,'4754',951,1721,953,1722,955,1723,1724,1725,959,960,961,962,1726,964,1727,966,967,968
9,901,'4755',969,1728,971,1729,973,2513,2514,2515,977,978,979,980,1733,982,1734,984,985,986
9,901,'4880',998,999,1000,1002
9,901,'4881',1735,1736,1737,1738,1739,1740,1741,1742
9,901,'5441',2516,2517,2518,2519,2520,2521,2522,2523,2524,2525,2526,2527,2528,2529,2530,2531,2532,2533,2534
21,2100,'4159',1743,1744,1745,1746,1747,1748,1749,1750,1751
21,2100,'4616',1752,1753,1754,1755,1756,1757,1758,1759,1760,1761,1762,1763
21,2100,'4753',1764,1765,1766,1767,1768,1769,1770,1771,1772,1773,1774,1775,1776,1777
21,2100,'4881',1778,1779,1780,1781,1782,1783,1784,1785,1786,1787,1788,1789,1790
22,2200,'4159',1791,1792,1793,1794,1795,1796,1797,1798,1799
22,2200,'4616',1800,1801,1802,1803,1804,1805,1806,1807,1808,1809,1810
22,2200,'4753',1811,1812,1813,1814,1815,1816,1817,1818,1819,1820,1821,1822,1823,1824
22,2200,'4881',1825,1826,1827,1828,1829,1830,1831,1832,1833,1834,1835,1836,1837
23,2300,'4616',1838,1839,1840,1841,1842,1843,1844,1845,1846,1847,1848
23,2300,'4753',1849,1850,1851,1852,1853,1854,1855,1856,1857,1858,1859,1860,1861
23,2300,'4881',1862,1863,1864,1865,1866,1867,1868,1869,1870,1871,1872,1873
24,2400,'4616',1874,1875,1876
24,2400,'4880',1877,1878,1879
25,2501,'4616',1880,1881,1882,1883,1884,1885,1886,1887,1888,1889,1890
25,2501,'4753',1891,1892,1893,1894,1895,1896,1897,1898,1899,1900,1901,1902,1903
25,2501,'4881',1904,1905,1906,1907,1908,1909,1910,1911,1912,1913,1914,1915
41,4100,'4751',1916,1917
41,4101,'4751',1918,1919
42,4200,'4752',1920
42,4201,'4752',1921
43,4300,'4752',1922
43,4301,'4752',1923
60,6000,'4616',1018,1019,1020,1021
60,6000,'5441',2535,2536,2537,2538,2539
60,6001,'4616',1027,1028,1029,1030
60,6001,'5441',2540,2541,2542,2543,2544
61,6100,'4880',1036,1037,1038,1039
61,6100,'5441',2545
61,6101,'4880',1041,1042,1043,1045
61,6101,'5441',2546
90,9000,'4159',1046,1047,1048,1049,1050
90,9000,'4616',1051,1052,1053,1054,1055,1056,1057,1058
90,9000,'4754',1059,1060,1061,1062,1063
90,9000,'4880',1065,1066,1067,1068,1069,1070,1071,1072,1073
90,9000,'5441',2547
90,9001,'4159',1074,1075,1076,1077,1078
90,9001,'4616',1079,1080,1081,1082,1083,1084,1085,1086
90,9001,'4754',1087,1088,1089,1090,1091
90,9001,'4880',1093,1094,1095,1096,1097,1098,1099,1100,1101
90,9001,'5441',2548
