300,'4159',922,,2021,17,0,12 13 14,0,82,,2035,17,0,12 13 14,0,42,,2034,17,0,12 13 14,0,83,,2033,17,0,12 13 14,0,82,,2032,17,0,12 13 14,0,42,,2025,17,0,12 13 14,0,82,,2031,17,0,12 13 14,0,82,,2030,17,0,12 13 14,0,42,,2029,17,0,12 13 14,0,81,,2028,17,0,12 13 14,0,83,,2027,17,0,12 13 14,0,82,,2026,17,0,12 13 14,0,42,,2024,17,0,12 13 14,0,81,,2023,17,0,12 13 14,0,82,,2022,17,0,12 13 14,0
300,'4616',842,,2036,17,0,12 13 14,0,80,,2048,17,0,12 13 14,0,80,,2053,17,0,12 13 14,0,40,,2055,17,0,12 13 14,0,81,,2056,17,0,12 13 14,0,80,,2054,17,0,12 13 14,0,40,,2052,17,0,12 13 14,0,80,,2051,17,0,12 13 14,0,81,,2050,17,0,12 13 14,0,40,,2049,17,0,12 13 14,0,80,,2047,17,0,12 13 14,0,80,,2046,17,0,12 13 14,0,40,,2042,17,0,12 13 14,0,80,,2045,17,0,12 13 14,0,79,,2044,17,0,12 13 14,0,40,,2043,17,0,12 13 14,0,79,,2041,17,0,12 13 14,0,80,,2040,17,0,12 13 14,0,38,,2039,17,0,12 13 14,0,79,,2038,17,0,12 13 14,0,40,,2037,17,0,12 13 14,0
300,'4753',929,,2057,17,0,12 13 14,0,175,,2059,17,0,12 13 14,0,126,,2060,17,0,12 13 14,0,323,,2058,17,0,12 13 14,0,100,,2061,17,0,12 13 14,0
300,'4754',922,,2062,17,0,12 13 14,0,82,,2076,17,0,12 13 14,0,42,,2075,17,0,12 13 14,0,83,,2074,17,0,12 13 14,0,82,,2073,17,0,12 13 14,0,42,,2066,17,0,12 13 14,0,82,,2072,17,0,12 13 14,0,82,,2071,17,0,12 13 14,0,42,,2070,17,0,12 13 14,0,81,,2069,17,0,12 13 14,0,83,,2068,17,0,12 13 14,0,82,,2067,17,0,12 13 14,0,42,,2065,17,0,12 13 14,0,81,,2064,17,0,12 13 14,0,82,,2063,17,0,12 13 14,0
300,'4755',922,,2077,17,0,12 13 14,0,82,,2091,17,0,12 13 14,0,42,,2090,17,0,12 13 14,0,83,,2089,17,0,12 13 14,0,82,,2088,17,0,12 13 14,0,42,,2081,17,0,12 13 14,0,82,,2087,17,0,12 13 14,0,82,,2086,17,0,12 13 14,0,42,,2085,17,0,12 13 14,0,81,,2084,17,0,12 13 14,0,83,,2083,17,0,12 13 14,0,82,,2082,17,0,12 13 14,0,42,,2080,17,0,12 13 14,0,81,,2079,17,0,12 13 14,0,82,,2078,17,0,12 13 14,0
300,'4880',639,,2104,17,0,12 13 14,0,80,,2103,17,0,12 13 14,0,39,,2101,17,0,12 13 14,0,91,,2099,17,0,12 13 14,0,105,,2112,17,0,12 13 14,0,65,,2105,17,0,12 13 14,0,127,,2107,17,0,12 13 14,0,167,,2093,17,0,12 13 14,0,90,,2106,17,0,12 13 14,0,25,,2111,17,0,12 13 14,0,26,,2092,17,0,12 13 14,0,70,,2110,17,0,12 13 14,0,99,,2102,17,0,12 13 14,0,100,,2100,17,0,12 13 14,0,28,,2109,17,0,12 13 14,0,78,,2108,17,0,12 13 14,0,79,,2098,17,0,12 13 14,0,39,,2096,17,0,12 13 14,0,82,,2095,17,0,12 13 14,0,85,,2097,17,0,12 13 14,0,44,,2094,17,0,12 13 14,0
300,'4881',929,,2113,17,0,12 13 14,0,175,,2115,17,0,12 13 14,0,126,,2116,17,0,12 13 14,0,323,,2114,17,0,12 13 14,0,100,,2117,17,0,12 13 14,0
301,'4159',851,,2127,4,0,12 13 14,0,82,,2128,4,0,12 13 14,0,82,,2129,4,0,12 13 14,0,42,,2130,4,0,12 13 14,0,82,,2131,4,0,12 13 14,0,82,,2132,4,0,12 13 14,0,82,,2124,4,0,12 13 14,0,42,,2125,4,0,12 13 14,0,82,,2126,4,0,12 13 14,0,81,,2122,4,0,12 13 14,0,42,,2123,4,0,12 13 14,0,82,,2118,4,0,12 13 14,0,82,,2121,4,0,12 13 14,0,42,,2119,4,0,12 13 14,0,82,,2120,4,0,12 13 14,0
301,'4616',810,,2133,4,0,12 13 14,0,40,,2138,4,0,12 13 14,0,80,,2134,4,0,12 13 14,0,80,,2136,4,0,12 13 14,0,40,,2135,4,0,12 13 14,0,80,,2137,4,0,12 13 14,0,80,,2140,4,0,12 13 14,0,40,,2139,4,0,12 13 14,0,80,,2141,4,0,12 13 14,0,80,,2142,4,0,12 13 14,0,40,,2143,4,0,12 13 14,0,80,,2144,4,0,12 13 14,0,80,,2145,4,0,12 13 14,0,40,,2146,4,0,12 13 14,0,80,,2147,4,0,12 13 14,0,80,,2148,4,0,12 13 14,0,40,,2149,4,0,12 13 14,0,80,,2150,4,0,12 13 14,0,79,,2151,4,0,12 13 14,0,40,,2152,4,0,12 13 14,0,80,,2153,4,0,12 13 14,0
301,'4753',856,,2158,4,0,12 13 14,0,174,,2157,4,0,12 13 14,0,126,,2156,4,0,12 13 14,0,362,,2155,4,0,12 13 14,0,100,,2154,4,0,12 13 14,0
301,'4754',851,,2168,4,0,12 13 14,0,82,,2169,4,0,12 13 14,0,82,,2170,4,0,12 13 14,0,42,,2171,4,0,12 13 14,0,82,,2172,4,0,12 13 14,0,82,,2173,4,0,12 13 14,0,82,,2165,4,0,12 13 14,0,42,,2166,4,0,12 13 14,0,82,,2167,4,0,12 13 14,0,81,,2163,4,0,12 13 14,0,42,,2164,4,0,12 13 14,0,82,,2159,4,0,12 13 14,0,82,,2162,4,0,12 13 14,0,42,,2160,4,0,12 13 14,0,82,,2161,4,0,12 13 14,0
301,'4755',851,,2183,4,0,12 13 14,0,82,,2184,4,0,12 13 14,0,82,,2185,4,0,12 13 14,0,42,,2186,4,0,12 13 14,0,82,,2187,4,0,12 13 14,0,82,,2188,4,0,12 13 14,0,82,,2180,4,0,12 13 14,0,42,,2181,4,0,12 13 14,0,82,,2182,4,0,12 13 14,0,81,,2178,4,0,12 13 14,0,42,,2179,4,0,12 13 14,0,82,,2174,4,0,12 13 14,0,82,,2177,4,0,12 13 14,0,42,,2175,4,0,12 13 14,0,82,,2176,4,0,12 13 14,0
301,'4880',608,,2189,4,0,12 13 14,0,40,,2191,4,0,12 13 14,0,77,,2202,4,0,12 13 14,0,91,,2203,4,0,12 13 14,0,105,,2209,4,0,12 13 14,0,25,,2204,4,0,12 13 14,0,166,,2201,4,0,12 13 14,0,127,,2200,4,0,12 13 14,0,89,,2199,4,0,12 13 14,0,25,,2208,4,0,12 13 14,0,65,,2198,4,0,12 13 14,0,30,,2207,4,0,12 13 14,0,100,,2205,4,0,12 13 14,0,100,,2197,4,0,12 13 14,0,70,,2206,4,0,12 13 14,0,38,,2196,4,0,12 13 14,0,80,,2195,4,0,12 13 14,0,80,,2194,4,0,12 13 14,0,42,,2193,4,0,12 13 14,0,85,,2192,4,0,12 13 14,0,85,,2190,4,0,12 13 14,0
301,'4881',856,,2214,4,0,12 13 14,0,174,,2213,4,0,12 13 14,0,126,,2212,4,0,12 13 14,0,362,,2211,4,0,12 13 14,0,100,,2210,4,0,12 13 14,0
