701,'4159',822,,2426,27,,,0,221,,1571,27,,,0,261,,1574,27,,,0,220,,1575,27,,,0,219,,2427,27,,,0,110,,2428,27,,,0
701,'4616',823,,1577,27,,,0,110,,1578,27,,,0,110,,1579,27,,,0,109,,1580,27,,,0,151,,1581,27,,,0,108,,1582,27,,,0,112,,1583,27,,,0,110,,1584,27,,,0,120,,2429,27,,,0,149,,1586,27,,,0,119,,2430,27,,,0,120,,2431,27,,,0
701,'4753',711,,2432,27,,,0
701,'4754',822,,2433,27,,,0,221,,1590,27,,,0,261,,1593,27,,,0,220,,1594,27,,,0,219,,2434,27,,,0,110,,2435,27,,,0
701,'4755',822,,2436,27,,,0,221,,1596,27,,,0,261,,2438,27,,,0,220,,2439,27,,,0,219,,2437,27,,,0,110,,2440,27,,,0
701,'4880',831,,725,27,,,0,126,,724,27,,,0,79,,2442,27,,,0,95,,727,27,,,0,174,,726,27,,,0,95,,2444,27,,,0,41,,729,27,,,0,177,,728,27,,,0,136,,730,27,,,0,170,,731,27,,,0,96,,2443,27,,,0,120,,2441,27,,,0
701,'4881',711,,2445,27,,,0
801,'4159',930,,1606,20,,,0,220,,1605,20,,,0,260,,2447,20,,,0,220,,2446,20,,,0
801,'4616',857,,2448,20,,,0,150,,2449,20,,,0,110,,2450,20,,,0,110,,2451,20,,,0,111,,2452,20,,,0,109,,2453,20,,,0,109,,2454,20,,,0,161,,1607,20,,,0,110,,2455,20,,,0,111,,2456,20,,,0,162,,2457,20,,,0
801,'4753',631,,2458,20,,,0,122,,2459,20,,,0
801,'4754',930,,1616,20,,,0,220,,1615,20,,,0,260,,2461,20,,,0,220,,2460,20,,,0
801,'4755',930,,1620,20,,,0,220,,1619,20,,,0,260,,2463,20,,,0,220,,2462,20,,,0
801,'4880',914,,768,20,,,0,89,,770,20,,,0,41,,771,20,,,0,174,,765,20,,,0,135,,764,20,,,0,176,,763,20,,,0,177,,762,20,,,0,133,,767,20,,,0,164,,766,20,,,0,56,,2464,20,,,0
801,'4881',631,,2465,20,,,0,122,,2466,20,,,0
