6000,'4616',940,,1019,1,0,5 6,0,164,,1018,1,0,5 6,0,226,,1020,1,0,5 6,0,175,,1021,1,0,5 6,0
6000,'5441',745,,2537,1,,,0,262,,2536,1,0,5 6,0,308,,2538,1,,,0,223,,2535,1,,,0,217,,2539,1,,,0
6001,'4616',1054,,1028,26,4,,0,174,,1027,26,4,,0,227,,1029,26,4,,0,171,,1030,26,4,,0
6001,'5441',713,,2543,31,4,,0,242,,2540,31,4,,0,175,,2544,27,4,,0,396,,2542,31,4,,0,217,,2541,31,4,,0
9000,'4159',1051,,1046,15,4,,0,200,,1050,15,4,,0,200,,1047,15,4,,0,200,,1048,15,4,,0,200,,1049,15,4,,0
9000,'4616',951,,1051,15,4,,0,100,,1055,15,4,,0,100,,1052,15,4,,0,100,,1056,15,4,,0,400,,1054,15,4,,0,100,,1057,15,4,,0,100,,1053,15,4,,0,100,,1058,15,4,,0
9000,'4754',1051,,1059,15,4,,0,200,,1063,15,4,,0,200,,1060,15,4,,0,200,,1061,15,4,,0,200,,1062,15,4,,0
9000,'4880',851,,1065,15,4,,0,200,,1066,15,4,,0,200,,1067,15,4,,0,100,,1068,15,4,,0,100,,1069,15,4,,0,200,,1070,15,4,,0,100,,1071,15,4,,0,100,,1072,15,4,,0,200,,1073,15,4,,0
9000,'5441',951,,2547,15,4,,0
9001,'4159',900,,1074,1,,,0,200,,1076,1,,,0,200,,1075,1,,,0,200,,1077,1,,,0,200,,1078,1,,,0
9001,'4616',800,,1079,1,,,0,100,,1083,1,,,0,100,,1080,1,,,0,100,,1084,1,,,0,400,,1082,1,,,0,100,,1085,1,,,0,100,,1081,1,,,0,100,,1086,1,,,0
9001,'4754',900,,1087,1,,,0,200,,1089,1,,,0,200,,1088,1,,,0,200,,1090,1,,,0,200,,1091,1,,,0
9001,'4880',700,,1093,1,,,0,200,,1094,1,,,0,200,,1095,1,,,0,100,,1096,1,,,0,100,,1097,1,,,0,200,,1098,1,,,0,100,,1099,1,,,0,100,,1100,1,,,0,200,,1101,1,,,0
9001,'5441',800,,2548,1,,,0
