701,'5478',824,,1577,31,,,0,110,,1578,31,,,0,110,,1579,31,,,0,109,,1580,31,,,0,151,,1581,31,,,0,108,,1582,31,,,0,112,,1583,31,,,0,110,,1584,31,,,0,120,,2429,31,,,0,149,,1586,31,,,0,119,,2430,31,,,0,120,,2431,31,,,0
701,'5591',833,,725,31,,,0,126,,724,31,,,0,79,,2442,31,,,0,95,,727,31,,,0,174,,726,31,,,0,95,,2444,31,,,0,41,,729,31,,,0,177,,728,31,,,0,135,,730,31,,,0,170,,731,31,,,0,96,,2443,31,,,0,120,,2441,31,,,0
701,'5592',713,,2445,31,,,0
701,'5595',713,,2432,31,,,0
701,'5596',824,,2426,31,,,0,221,,1571,31,,,0,261,,1574,31,,,0,220,,1575,31,,,0,219,,2427,31,,,0,110,,2428,31,,,0
701,'5597',824,,2433,31,,,0,221,,1590,31,,,0,261,,1593,31,,,0,220,,1594,31,,,0,219,,2434,31,,,0,110,,2435,31,,,0
701,'5598',824,,2436,31,,,0,221,,1596,31,,,0,261,,2438,31,,,0,220,,2439,31,,,0,219,,2437,31,,,0,110,,2440,31,,,0
801,'5478',858,,2448,24,,,0,150,,2449,24,,,0,110,,2450,24,,,0,110,,2451,24,,,0,111,,2452,24,,,0,109,,2453,24,,,0,109,,2454,24,,,0,161,,1607,24,,,0,110,,2455,24,,,0,111,,2456,24,,,0,162,,2457,24,,,0
801,'5591',916,,768,24,,,0,89,,770,24,,,0,41,,771,24,,,0,174,,765,24,,,0,135,,764,24,,,0,176,,763,24,,,0,177,,762,24,,,0,133,,767,24,,,0,164,,766,24,,,0,96,,2464,24,,,0
801,'5592',633,,2465,24,,,0,122,,2466,24,,,0
801,'5595',633,,2458,24,,,0,122,,2459,24,,,0
801,'5596',932,,1606,24,,,0,220,,1605,24,,,0,260,,2447,24,,,0,220,,2446,24,,,0
801,'5597',932,,1616,24,,,0,220,,1615,24,,,0,260,,2461,24,,,0,220,,2460,24,,,0
801,'5598',932,,1620,24,,,0,220,,1619,24,,,0,260,,2463,24,,,0,220,,2462,24,,,0
