501,'4159',915,,2246,28,,,0,120,,2247,28,,,0,124,,2248,28,,,0,164,,2249,28,,,0,127,,2250,28,,,0,161,,2251,28,,,0,124,,2252,28,,,0,123,,2253,28,,,0
501,'4616',837,,1406,28,,,0,80,,2254,28,,,0,40,,2256,28,,,0,80,,2255,28,,,0,80,,2257,28,,,0,40,,2258,28,,,0,80,,2259,28,,,0,80,,2260,28,,,0,40,,2261,28,,,0,80,,2262,28,,,0,80,,2263,28,,,0,40,,2264,28,,,0,80,,2265,28,,,0,80,,2266,28,,,0,40,,2267,28,,,0,80,,2268,28,,,0,80,,2269,28,,,0,40,,2270,28,,,0,80,,2271,28,,,0,80,,1418,28,,,0,40,,2272,28,,,0
501,'4753',840,,2277,28,,,0,176,,2274,28,,,0,126,,2273,28,,,0,170,,2275,28,,,0,144,,2276,28,,,0
501,'4754',915,,2278,28,,,0,120,,2279,28,,,0,124,,2280,28,,,0,164,,2281,28,,,0,127,,2282,28,,,0,161,,2283,28,,,0,124,,2284,28,,,0,123,,2285,28,,,0
501,'4755',915,,2286,28,,,0,120,,2287,28,,,0,124,,2288,28,,,0,164,,2289,28,,,0,127,,2290,28,,,0,161,,2291,28,,,0,124,,2292,28,,,0,123,,2293,28,,,0
501,'4880',632,,2294,28,,,0,80,,2295,28,,,0,42,,2296,28,,,0,71,,2297,28,,,0,31,,2312,28,,,0,74,,2298,28,,,0,128,,2300,28,,,0,167,,2299,28,,,0,177,,2301,28,,,0,135,,2303,28,,,0,75,,2302,28,,,0,43,,2304,28,,,0,83,,2305,28,,,0,83,,2307,28,,,0,82,,2308,28,,,0,43,,2306,28,,,0,83,,2309,28,,,0,83,,2311,28,,,0,43,,2310,28,,,0
501,'4881',840,,2317,28,,,0,176,,2314,28,,,0,126,,2313,28,,,0,170,,2315,28,,,0,144,,2316,28,,,0
600,'4159',902,,1440,6,,,0,98,,2321,6,,,0,124,,2324,6,,,0,124,,2323,6,,,0,165,,2322,6,,,0,124,,2320,6,,,0,163,,2319,6,,,0,124,,2318,6,,,0
600,'4616',902,,1449,6,,,0,35,,2331,6,,,0,75,,1452,6,,,0,35,,2334,6,,,0,75,,1451,6,,,0,35,,2333,6,,,0,75,,1450,6,,,0,75,,2332,6,,,0,35,,1448,6,,,0,76,,2330,6,,,0,35,,1447,6,,,0,74,,2328,6,,,0,75,,1446,6,,,0,35,,2329,6,,,0,82,,2327,6,,,0,35,,2326,6,,,0,75,,1444,6,,,0,84,,2325,6,,,0,25,,1442,6,,,0,76,,1441,6,,,0
600,'4753',650,,1463,6,,,0,70,,1462,6,,,0,624,,1461,6,,,0,75,,1460,6,,,0,35,,1459,6,,,0,267,,2340,6,,,0,35,,2339,6,,,0,74,,2337,6,,,0,83,,2338,6,,,0,29,,2336,6,,,0,72,,2335,6,,,0
600,'4754',902,,1471,6,,,0,98,,2344,6,,,0,124,,2347,6,,,0,124,,2346,6,,,0,165,,2345,6,,,0,124,,2343,6,,,0,163,,2342,6,,,0,124,,2341,6,,,0
600,'4755',902,,1479,6,,,0,98,,2351,6,,,0,124,,2354,6,,,0,124,,2353,6,,,0,165,,2352,6,,,0,124,,2350,6,,,0,163,,2349,6,,,0,124,,2348,6,,,0
600,'4880',753,,2367,6,,,0,75,,2365,6,,,0,75,,2364,6,,,0,35,,2362,6,,,0,75,,2366,6,,,0,35,,2363,6,,,0,75,,2361,6,,,0,36,,2360,6,,,0,75,,2359,6,,,0,75,,2358,6,,,0,221,,2357,6,,,0,75,,2356,6,,,0,34,,2355,6,,,0
600,'4881',650,,1501,6,,,0,70,,1500,6,,,0,624,,1499,6,,,0,75,,1498,6,,,0,35,,1497,6,,,0,267,,2371,6,,,0,35,,2370,6,,,0,74,,2368,6,,,0,83,,2369,6,,,0
