300,'5478',834,,2036,5,0,12 13 14,0,80,,2048,5,0,12 13 14,0,40,,2053,5,0,12 13 14,0,80,,2055,5,0,12 13 14,0,81,,2056,5,0,12 13 14,0,40,,2054,5,0,12 13 14,0,80,,2052,5,0,12 13 14,0,80,,2051,5,0,12 13 14,0,41,,2050,5,0,12 13 14,0,80,,2049,5,0,12 13 14,0,80,,2047,5,0,12 13 14,0,39,,2046,5,0,12 13 14,0,80,,2042,5,0,12 13 14,0,80,,2045,5,0,12 13 14,0,40,,2044,5,0,12 13 14,0,80,,2043,5,0,12 13 14,0,79,,2041,5,0,12 13 14,0,40,,2040,5,0,12 13 14,0,78,,2039,5,0,12 13 14,0,80,,2038,5,0,12 13 14,0,40,,2037,5,0,12 13 14,0
300,'5591',632,,2104,5,0,12 13 14,0,80,,2103,5,0,12 13 14,0,38,,2101,5,0,12 13 14,0,91,,2099,5,0,12 13 14,0,105,,2112,5,0,12 13 14,0,65,,2105,5,0,12 13 14,0,127,,2107,5,0,12 13 14,0,167,,2093,5,0,12 13 14,0,49,,2106,5,0,12 13 14,0,65,,2111,5,0,12 13 14,0,25,,2092,5,0,12 13 14,0,70,,2110,5,0,12 13 14,0,100,,2102,5,0,12 13 14,0,100,,2100,5,0,12 13 14,0,29,,2109,5,0,12 13 14,0,78,,2108,5,0,12 13 14,0,79,,2098,5,0,12 13 14,0,40,,2096,5,0,12 13 14,0,82,,2095,5,0,12 13 14,0,85,,2097,5,0,12 13 14,0,45,,2094,5,0,12 13 14,0
300,'5592',921,,2113,5,0,12 13 14,0,135,,2115,5,0,12 13 14,0,166,,2116,5,0,12 13 14,0,322,,2114,5,0,12 13 14,0,100,,2117,5,0,12 13 14,0
300,'5595',921,,2057,5,0,12 13 14,0,135,,2059,5,0,12 13 14,0,166,,2060,5,0,12 13 14,0,322,,2058,5,0,12 13 14,0,100,,2061,5,0,12 13 14,0
300,'5596',915,,2021,5,0,12 13 14,0,42,,2035,5,0,12 13 14,0,82,,2034,5,0,12 13 14,0,82,,2033,5,0,12 13 14,0,82,,2032,5,0,12 13 14,0,42,,2025,5,0,12 13 14,0,82,,2031,5,0,12 13 14,0,82,,2030,5,0,12 13 14,0,42,,2029,5,0,12 13 14,0,81,,2028,5,0,12 13 14,0,82,,2027,5,0,12 13 14,0,42,,2026,5,0,12 13 14,0,82,,2024,5,0,12 13 14,0,82,,2023,5,0,12 13 14,0,82,,2022,5,0,12 13 14,0
300,'5597',915,,2062,5,0,12 13 14,0,42,,2076,5,0,12 13 14,0,82,,2075,5,0,12 13 14,0,82,,2074,5,0,12 13 14,0,82,,2073,5,0,12 13 14,0,42,,2066,5,0,12 13 14,0,82,,2072,5,0,12 13 14,0,82,,2071,5,0,12 13 14,0,42,,2070,5,0,12 13 14,0,81,,2069,5,0,12 13 14,0,82,,2068,5,0,12 13 14,0,42,,2067,5,0,12 13 14,0,82,,2065,5,0,12 13 14,0,82,,2064,5,0,12 13 14,0,82,,2063,5,0,12 13 14,0
300,'5598',915,,2077,5,0,12 13 14,0,42,,2091,5,0,12 13 14,0,82,,2090,5,0,12 13 14,0,82,,2089,5,0,12 13 14,0,82,,2088,5,0,12 13 14,0,42,,2081,5,0,12 13 14,0,82,,2087,5,0,12 13 14,0,82,,2086,5,0,12 13 14,0,42,,2085,5,0,12 13 14,0,81,,2084,5,0,12 13 14,0,82,,2083,5,0,12 13 14,0,42,,2082,5,0,12 13 14,0,82,,2080,5,0,12 13 14,0,82,,2079,5,0,12 13 14,0,82,,2078,5,0,12 13 14,0
900,'5478',853,,2467,7,,,0,72,,1648,7,,,0,33,,2478,7,,,0,72,,1646,7,,,0,72,,2477,7,,,0,32,,1647,7,,,0,73,,2476,7,,,0,32,,1645,7,,,0,72,,2475,7,,,0,32,,1644,7,,,0,72,,2474,7,,,0,32,,1642,7,,,0,72,,2473,7,,,0,32,,1640,7,,,0,72,,2472,7,,,0,32,,2471,7,,,0,70,,1638,7,,,0,32,,1637,7,,,0,72,,1636,7,,,0,72,,1635,7,,,0,32,,1634,7,,,0,72,,1633,7,,,0,32,,2470,7,,,0,72,,2469,7,,,0,32,,2468,7,,,0
900,'5591',718,,2495,7,,,0,19,,870,7,,,0,18,,2488,7,,,0,58,,887,7,,,0,19,,2487,7,,,0,18,,871,7,,,0,58,,2490,7,,,0,18,,869,7,,,0,18,,2497,7,,,0,76,,2494,7,,,0,36,,2500,7,,,0,76,,2499,7,,,0,76,,2493,7,,,0,36,,2492,7,,,0,76,,2491,7,,,0,35,,2496,7,,,0,76,,2482,7,,,0,76,,2484,7,,,0,37,,2498,7,,,0,77,,2489,7,,,0,37,,2483,7,,,0,76,,2485,7,,,0,76,,2486,7,,,0
900,'5592',1525,,1679,7,,,0,77,,1681,7,,,0,37,,1678,7,,,0,76,,1682,7,,,0,37,,1677,7,,,0,76,,1675,7,,,0,31,,1676,7,,,0,73,,1680,7,,,0
900,'5595',1525,,1656,7,,,0,77,,1659,7,,,0,37,,1655,7,,,0,76,,1660,7,,,0,37,,1654,7,,,0,76,,1649,7,,,0,31,,1651,7,,,0,73,,1658,7,,,0,72,,1657,7,,,0,32,,1653,7,,,0,72,,1650,7,,,0,32,,1652,7,,,0
900,'5596',925,,1623,7,,,0,32,,1629,7,,,0,72,,790,7,,,0,72,,1628,7,,,0,32,,788,7,,,0,72,,1627,7,,,0,33,,785,7,,,0,72,,784,7,,,0,32,,1625,7,,,0,72,,1626,7,,,0,32,,1624,7,,,0,72,,781,7,,,0,31,,780,7,,,0,72,,776,7,,,0,32,,779,7,,,0,72,,778,7,,,0,32,,777,7,,,0,72,,775,7,,,0
900,'5597',925,,1661,7,,,0,32,,1667,7,,,0,72,,845,7,,,0,72,,1666,7,,,0,32,,843,7,,,0,72,,1665,7,,,0,33,,840,7,,,0,72,,839,7,,,0,32,,1663,7,,,0,72,,1664,7,,,0,32,,1662,7,,,0,72,,836,7,,,0,31,,835,7,,,0,72,,831,7,,,0,32,,834,7,,,0,72,,833,7,,,0,32,,832,7,,,0,72,,830,7,,,0
900,'5598',925,,1668,7,,,0,32,,1674,7,,,0,72,,863,7,,,0,72,,1673,7,,,0,32,,861,7,,,0,72,,1672,7,,,0,33,,858,7,,,0,72,,857,7,,,0,32,,2480,7,,,0,72,,2481,7,,,0,32,,2479,7,,,0,72,,854,7,,,0,31,,853,7,,,0,72,,849,7,,,0,32,,852,7,,,0,72,,851,7,,,0,32,,850,7,,,0,72,,848,7,,,0
6001,'5591',707,,2543,25,,,0,242,,2540,25,,,0,175,,2544,21,,,0,396,,2542,25,,,0,217,,2541,25,,,0
