701,'5478',832,,1577,40,,,0,110,,1578,40,,,0,110,,1579,40,,,0,149,,1580,40,,,0,111,,1581,40,,,0,108,,1582,40,,,0,112,,1583,40,,,0,110,,1584,40,,,0,160,,2429,40,,,0,109,,1586,40,,,0,119,,2430,40,,,0,120,,2431,40,,,0
701,'5591',842,,725,40,,,0,165,,724,40,,,0,40,,2442,40,,,0,96,,727,40,,,0,175,,726,40,,,0,95,,2444,40,,,0,40,,729,40,,,0,177,,728,40,,,0,173,,730,40,,,0,130,,731,40,,,0,95,,2443,40,,,0,120,,2441,40,,,0
701,'5592',721,,2445,40,,,0
701,'5595',721,,2432,40,,,0
701,'5596',831,,2426,40,,,0,222,,1571,40,,,0,262,,1574,40,,,0,219,,1575,40,,,0,219,,2427,40,,,0,149,,2428,40,,,0
701,'5597',831,,2433,40,,,0,222,,1590,40,,,0,262,,1593,40,,,0,219,,1594,40,,,0,219,,2434,40,,,0,149,,2435,40,,,0
701,'5598',831,,2436,40,,,0,222,,1596,40,,,0,262,,2438,40,,,0,219,,2439,40,,,0,219,,2437,40,,,0,149,,2440,40,,,0
801,'5478',906,,2448,33,,,0,110,,2449,33,,,0,110,,2450,33,,,0,110,,2451,33,,,0,111,,2452,33,,,0,109,,2453,33,,,0,149,,2454,33,,,0,121,,1607,33,,,0,110,,2455,33,,,0,111,,2456,33,,,0,162,,2457,33,,,0
801,'5591',924,,768,33,,,0,90,,770,33,,,0,42,,771,33,,,0,174,,765,33,,,0,175,,764,33,,,0,136,,763,33,,,0,176,,762,33,,,0,132,,767,33,,,0,163,,766,33,,,0,96,,2464,33,,,0
801,'5592',641,,2465,33,,,0,164,,2466,33,,,0
801,'5595',641,,2458,33,,,0,164,,2459,33,,,0
801,'5596',940,,1606,33,,,0,260,,1605,33,,,0,220,,2447,33,,,0,220,,2446,33,,,0
801,'5597',940,,1616,33,,,0,260,,1615,33,,,0,220,,2461,33,,,0,220,,2460,33,,,0
801,'5598',940,,1620,33,,,0,260,,1619,33,,,0,220,,2463,33,,,0,220,,2462,33,,,0
