701,'5478',826,,1577,33,,,0,110,,1578,33,,,0,110,,1579,33,,,0,109,,1580,33,,,0,151,,1581,33,,,0,108,,1582,33,,,0,112,,1583,33,,,0,110,,1584,33,,,0,120,,2429,33,,,0,149,,1586,33,,,0,119,,2430,33,,,0,120,,2431,33,,,0
701,'5591',835,,725,33,,,0,166,,724,33,,,0,39,,2442,33,,,0,95,,727,33,,,0,174,,726,33,,,0,95,,2444,33,,,0,41,,729,33,,,0,177,,728,33,,,0,135,,730,33,,,0,170,,731,33,,,0,96,,2443,33,,,0,120,,2441,33,,,0
701,'5592',715,,2445,33,,,0
701,'5595',715,,2432,33,,,0
701,'5596',826,,2426,33,,,0,221,,1571,33,,,0,261,,1574,33,,,0,220,,1575,33,,,0,219,,2427,33,,,0,110,,2428,33,,,0
701,'5597',826,,2433,33,,,0,221,,1590,33,,,0,261,,1593,33,,,0,220,,1594,33,,,0,219,,2434,33,,,0,110,,2435,33,,,0
701,'5598',826,,2436,33,,,0,221,,1596,33,,,0,261,,2438,33,,,0,220,,2439,33,,,0,219,,2437,33,,,0,110,,2440,33,,,0
801,'5478',900,,2448,26,,,0,110,,2449,26,,,0,110,,2450,26,,,0,110,,2451,26,,,0,111,,2452,26,,,0,109,,2453,26,,,0,109,,2454,26,,,0,161,,1607,26,,,0,110,,2455,26,,,0,111,,2456,26,,,0,162,,2457,26,,,0
801,'5591',918,,768,26,,,0,89,,770,26,,,0,41,,771,26,,,0,174,,765,26,,,0,135,,764,26,,,0,176,,763,26,,,0,177,,762,26,,,0,133,,767,26,,,0,164,,766,26,,,0,96,,2464,26,,,0
801,'5592',635,,2465,26,,,0,123,,2466,26,,,0
801,'5595',635,,2458,26,,,0,123,,2459,26,,,0
801,'5596',934,,1606,26,,,0,220,,1605,26,,,0,260,,2447,26,,,0,220,,2446,26,,,0
801,'5597',934,,1616,26,,,0,220,,1615,26,,,0,260,,2461,26,,,0,220,,2460,26,,,0
801,'5598',934,,1620,26,,,0,220,,1619,26,,,0,260,,2463,26,,,0,220,,2462,26,,,0
