701,'5478',834,,1577,43,,,0,110,,1578,43,,,0,110,,1579,43,,,0,149,,1580,43,,,0,111,,1581,43,,,0,108,,1582,43,,,0,112,,1583,43,,,0,110,,1584,43,,,0,160,,2429,43,,,0,109,,1586,43,,,0,119,,2430,43,,,0,120,,2431,43,,,0
701,'5591',844,,725,43,,,0,166,,724,43,,,0,39,,2442,43,,,0,97,,727,43,,,0,175,,726,43,,,0,95,,2444,43,,,0,41,,729,43,,,0,175,,728,43,,,0,174,,730,43,,,0,129,,731,43,,,0,96,,2443,43,,,0,119,,2441,43,,,0
701,'5592',723,,2445,43,,,0
701,'5595',723,,2432,43,,,0
701,'5596',834,,2426,43,,,0,221,,1571,43,,,0,262,,1574,43,,,0,219,,1575,43,,,0,219,,2427,43,,,0,149,,2428,43,,,0
701,'5597',834,,2433,43,,,0,221,,1590,43,,,0,262,,1593,43,,,0,219,,1594,43,,,0,219,,2434,43,,,0,149,,2435,43,,,0
701,'5598',834,,2436,43,,,0,221,,1596,43,,,0,262,,2438,43,,,0,219,,2439,43,,,0,219,,2437,43,,,0,149,,2440,43,,,0
801,'5478',908,,2448,36,,,0,110,,2449,36,,,0,110,,2450,36,,,0,110,,2451,36,,,0,111,,2452,36,,,0,109,,2453,36,,,0,149,,2454,36,,,0,121,,1607,36,,,0,110,,2455,36,,,0,111,,2456,36,,,0,162,,2457,36,,,0
801,'5591',927,,768,36,,,0,90,,770,36,,,0,42,,771,36,,,0,174,,765,36,,,0,174,,764,36,,,0,136,,763,36,,,0,177,,762,36,,,0,132,,767,36,,,0,163,,766,36,,,0,96,,2464,36,,,0
801,'5592',643,,2465,36,,,0,165,,2466,36,,,0
801,'5595',643,,2458,36,,,0,165,,2459,36,,,0
801,'5596',942,,1606,36,,,0,260,,1605,36,,,0,220,,2447,36,,,0,220,,2446,36,,,0
801,'5597',942,,1616,36,,,0,260,,1615,36,,,0,220,,2461,36,,,0,220,,2460,36,,,0
801,'5598',942,,1620,36,,,0,260,,1619,36,,,0,220,,2463,36,,,0,220,,2462,36,,,0
