701,'4159',834,,2426,44,,,0,222,,1571,44,,,0,262,,1574,44,,,0,219,,1575,44,,,0,219,,2427,44,,,0,148,,2428,44,,,0
701,'4616',835,,1577,44,,,0,110,,1578,44,,,0,110,,1579,44,,,0,149,,1580,44,,,0,111,,1581,44,,,0,108,,1582,44,,,0,112,,1583,44,,,0,110,,1584,44,,,0,160,,2429,44,,,0,109,,1586,44,,,0,119,,2430,44,,,0,120,,2431,44,,,0
701,'4753',724,,2432,44,,,0
701,'4754',834,,2433,44,,,0,222,,1590,44,,,0,262,,1593,44,,,0,219,,1594,44,,,0,219,,2434,44,,,0,148,,2435,44,,,0
701,'4755',834,,2436,44,,,0,222,,1596,44,,,0,262,,2438,44,,,0,219,,2439,44,,,0,219,,2437,44,,,0,148,,2440,44,,,0
701,'4880',845,,725,44,,,0,165,,724,44,,,0,40,,2442,44,,,0,97,,727,44,,,0,175,,726,44,,,0,95,,2444,44,,,0,40,,729,44,,,0,176,,728,44,,,0,173,,730,44,,,0,130,,731,44,,,0,95,,2443,44,,,0,119,,2441,44,,,0
701,'4881',724,,2445,44,,,0
801,'4159',943,,1606,37,,,0,260,,1605,37,,,0,220,,2447,37,,,0,220,,2446,37,,,0
801,'4616',909,,2448,37,,,0,110,,2449,37,,,0,110,,2450,37,,,0,110,,2451,37,,,0,111,,2452,37,,,0,109,,2453,37,,,0,149,,2454,37,,,0,121,,1607,37,,,0,110,,2455,37,,,0,111,,2456,37,,,0,162,,2457,37,,,0
801,'4753',644,,2458,37,,,0,164,,2459,37,,,0
801,'4754',943,,1616,37,,,0,260,,1615,37,,,0,220,,2461,37,,,0,220,,2460,37,,,0
801,'4755',943,,1620,37,,,0,260,,1619,37,,,0,220,,2463,37,,,0,220,,2462,37,,,0
801,'4880',927,,768,37,,,0,90,,770,37,,,0,83,,771,37,,,0,134,,765,37,,,0,174,,764,37,,,0,136,,763,37,,,0,176,,762,37,,,0,132,,767,37,,,0,163,,766,37,,,0,96,,2464,37,,,0
801,'4881',644,,2465,37,,,0,164,,2466,37,,,0
