601,'4159',852,,1504,7,,,0,98,,2374,7,,,0,164,,2375,7,,,0,124,,2373,7,,,0,164,,2376,7,,,0,124,,2377,7,,,0,124,,2372,7,,,0,164,,2378,7,,,0
601,'4616',852,,1511,7,,,0,75,,2379,7,,,0,75,,1510,7,,,0,35,,2380,7,,,0,75,,1512,7,,,0,35,,2381,7,,,0,75,,1513,7,,,0,35,,2382,7,,,0,75,,1514,7,,,0,75,,2383,7,,,0,35,,1515,7,,,0,75,,2384,7,,,0,35,,1516,7,,,0,75,,2385,7,,,0,82,,2386,7,,,0,35,,2387,7,,,0,75,,1518,7,,,0,84,,2388,7,,,0,25,,1521,7,,,0,76,,1520,7,,,0
601,'4753',639,,1522,7,,,0,70,,1523,7,,,0,624,,1525,7,,,0,75,,1526,7,,,0,35,,1524,7,,,0,267,,2389,7,,,0,35,,2390,7,,,0,74,,2391,7,,,0,84,,2392,7,,,0,29,,2393,7,,,0,72,,2394,7,,,0
601,'4754',852,,1535,7,,,0,98,,2397,7,,,0,164,,2398,7,,,0,124,,2396,7,,,0,164,,2399,7,,,0,124,,2400,7,,,0,124,,2395,7,,,0,164,,2401,7,,,0
601,'4755',852,,1543,7,,,0,98,,2404,7,,,0,164,,2405,7,,,0,124,,2403,7,,,0,164,,2406,7,,,0,124,,2407,7,,,0,124,,2402,7,,,0,164,,2408,7,,,0
601,'4881',639,,1562,7,,,0,70,,1563,7,,,0,624,,1565,7,,,0,75,,1566,7,,,0,35,,1564,7,,,0
601,'5441',742,,2409,7,,,0,75,,2410,7,,,0,35,,2411,7,,,0,75,,2412,7,,,0,75,,2414,7,,,0,35,,2415,7,,,0,75,,2416,7,,,0,36,,2413,7,,,0,75,,2417,7,,,0,35,,2418,7,,,0,261,,2419,7,,,0,35,,2420,7,,,0,74,,2421,7,,,0
601,'5442',1710,,2422,7,,,0,35,,2423,7,,,0,74,,2424,7,,,0,84,,2425,7,,,0
9000,'4159',1043,,1046,13,,,0,200,,1050,13,,,0,200,,1047,13,,,0,200,,1048,13,,,0,200,,1049,13,,,0
9000,'4616',943,,1051,13,,,0,100,,1055,13,,,0,100,,1052,13,,,0,100,,1056,13,,,0,400,,1054,13,,,0,100,,1057,13,,,0,100,,1053,13,,,0,100,,1058,13,,,0
9000,'4754',1043,,1059,13,,,0,200,,1063,13,,,0,200,,1060,13,,,0,200,,1061,13,,,0,200,,1062,13,,,0
9000,'4880',843,,1065,13,,,0,200,,1066,13,,,0,200,,1067,13,,,0,100,,1068,13,,,0,100,,1069,13,,,0,200,,1070,13,,,0,100,,1071,13,,,0,100,,1072,13,,,0,200,,1073,13,,,0
9000,'5441',943,,2547,13,,,0
9001,'4159',906,,1074,2,,,0,200,,1076,2,,,0,200,,1075,2,,,0,200,,1077,2,,,0,200,,1078,2,,,0
9001,'4616',806,,1079,2,,,0,100,,1083,2,,,0,100,,1080,2,,,0,100,,1084,2,,,0,400,,1082,2,,,0,100,,1085,2,,,0,100,,1081,2,,,0,100,,1086,2,,,0
9001,'4754',906,,1087,2,,,0,200,,1089,2,,,0,200,,1088,2,,,0,200,,1090,2,,,0,200,,1091,2,,,0
9001,'4880',706,,1093,2,,,0,200,,1094,2,,,0,200,,1095,2,,,0,100,,1096,2,,,0,100,,1097,2,,,0,200,,1098,2,,,0,100,,1099,2,,,0,100,,1100,2,,,0,200,,1101,2,,,0
9001,'5441',806,,2548,2,,,0
