701,'5478',831,,1577,39,,,0,110,,1578,39,,,0,110,,1579,39,,,0,149,,1580,39,,,0,111,,1581,39,,,0,108,,1582,39,,,0,112,,1583,39,,,0,110,,1584,39,,,0,160,,2429,39,,,0,109,,1586,39,,,0,119,,2430,39,,,0,120,,2431,39,,,0
701,'5591',841,,725,39,,,0,166,,724,39,,,0,39,,2442,39,,,0,96,,727,39,,,0,175,,726,39,,,0,95,,2444,39,,,0,41,,729,39,,,0,176,,728,39,,,0,174,,730,39,,,0,129,,731,39,,,0,96,,2443,39,,,0,120,,2441,39,,,0
701,'5592',720,,2445,39,,,0
701,'5595',720,,2432,39,,,0
701,'5596',831,,2426,39,,,0,221,,1571,39,,,0,262,,1574,39,,,0,219,,1575,39,,,0,219,,2427,39,,,0,150,,2428,39,,,0
701,'5597',831,,2433,39,,,0,221,,1590,39,,,0,262,,1593,39,,,0,219,,1594,39,,,0,219,,2434,39,,,0,150,,2435,39,,,0
701,'5598',831,,2436,39,,,0,221,,1596,39,,,0,262,,2438,39,,,0,219,,2439,39,,,0,219,,2437,39,,,0,150,,2440,39,,,0
801,'5478',905,,2448,32,,,0,110,,2449,32,,,0,110,,2450,32,,,0,110,,2451,32,,,0,111,,2452,32,,,0,109,,2453,32,,,0,149,,2454,32,,,0,121,,1607,32,,,0,110,,2455,32,,,0,111,,2456,32,,,0,162,,2457,32,,,0
801,'5591',924,,768,32,,,0,90,,770,32,,,0,42,,771,32,,,0,174,,765,32,,,0,174,,764,32,,,0,136,,763,32,,,0,177,,762,32,,,0,132,,767,32,,,0,163,,766,32,,,0,96,,2464,32,,,0
801,'5592',640,,2465,32,,,0,165,,2466,32,,,0
801,'5595',640,,2458,32,,,0,165,,2459,32,,,0
801,'5596',939,,1606,32,,,0,220,,1605,32,,,0,260,,2447,32,,,0,220,,2446,32,,,0
801,'5597',939,,1616,32,,,0,220,,1615,32,,,0,260,,2461,32,,,0,220,,2460,32,,,0
801,'5598',939,,1620,32,,,0,220,,1619,32,,,0,260,,2463,32,,,0,220,,2462,32,,,0
