301,'5478',822,,2133,14,0,12 13 14,0,80,,2138,14,0,12 13 14,0,40,,2134,14,0,12 13 14,0,80,,2136,14,0,12 13 14,0,80,,2135,14,0,12 13 14,0,40,,2137,14,0,12 13 14,0,80,,2140,14,0,12 13 14,0,80,,2139,14,0,12 13 14,0,41,,2141,14,0,12 13 14,0,80,,2142,14,0,12 13 14,0,80,,2143,14,0,12 13 14,0,39,,2144,14,0,12 13 14,0,80,,2145,14,0,12 13 14,0,80,,2146,14,0,12 13 14,0,40,,2147,14,0,12 13 14,0,80,,2148,14,0,12 13 14,0,79,,2149,14,0,12 13 14,0,40,,2150,14,0,12 13 14,0,79,,2151,14,0,12 13 14,0,80,,2152,14,0,12 13 14,0,40,,2153,14,0,12 13 14,0
301,'5591',619,,2189,14,0,12 13 14,0,40,,2191,14,0,12 13 14,0,78,,2202,14,0,12 13 14,0,91,,2203,14,0,12 13 14,0,105,,2209,14,0,12 13 14,0,25,,2204,14,0,12 13 14,0,167,,2201,14,0,12 13 14,0,127,,2200,14,0,12 13 14,0,89,,2199,14,0,12 13 14,0,65,,2208,14,0,12 13 14,0,25,,2198,14,0,12 13 14,0,70,,2207,14,0,12 13 14,0,100,,2205,14,0,12 13 14,0,100,,2197,14,0,12 13 14,0,29,,2206,14,0,12 13 14,0,78,,2196,14,0,12 13 14,0,39,,2195,14,0,12 13 14,0,80,,2194,14,0,12 13 14,0,82,,2193,14,0,12 13 14,0,45,,2192,14,0,12 13 14,0,85,,2190,14,0,12 13 14,0
301,'5592',908,,2214,14,0,12 13 14,0,135,,2213,14,0,12 13 14,0,166,,2212,14,0,12 13 14,0,322,,2211,14,0,12 13 14,0,100,,2210,14,0,12 13 14,0
301,'5595',908,,2158,14,0,12 13 14,0,135,,2157,14,0,12 13 14,0,166,,2156,14,0,12 13 14,0,322,,2155,14,0,12 13 14,0,100,,2154,14,0,12 13 14,0
301,'5596',903,,2127,14,0,12 13 14,0,42,,2128,14,0,12 13 14,0,82,,2129,14,0,12 13 14,0,82,,2130,14,0,12 13 14,0,42,,2131,14,0,12 13 14,0,82,,2132,14,0,12 13 14,0,82,,2124,14,0,12 13 14,0,42,,2125,14,0,12 13 14,0,82,,2126,14,0,12 13 14,0,82,,2122,14,0,12 13 14,0,82,,2123,14,0,12 13 14,0,42,,2118,14,0,12 13 14,0,82,,2121,14,0,12 13 14,0,82,,2119,14,0,12 13 14,0,42,,2120,14,0,12 13 14,0
301,'5597',903,,2168,14,0,12 13 14,0,42,,2169,14,0,12 13 14,0,82,,2170,14,0,12 13 14,0,82,,2171,14,0,12 13 14,0,42,,2172,14,0,12 13 14,0,82,,2173,14,0,12 13 14,0,82,,2165,14,0,12 13 14,0,42,,2166,14,0,12 13 14,0,82,,2167,14,0,12 13 14,0,82,,2163,14,0,12 13 14,0,82,,2164,14,0,12 13 14,0,42,,2159,14,0,12 13 14,0,82,,2162,14,0,12 13 14,0,82,,2160,14,0,12 13 14,0,42,,2161,14,0,12 13 14,0
301,'5598',903,,2183,14,0,12 13 14,0,42,,2184,14,0,12 13 14,0,82,,2185,14,0,12 13 14,0,82,,2186,14,0,12 13 14,0,42,,2187,14,0,12 13 14,0,82,,2188,14,0,12 13 14,0,82,,2180,14,0,12 13 14,0,42,,2181,14,0,12 13 14,0,82,,2182,14,0,12 13 14,0,82,,2178,14,0,12 13 14,0,82,,2179,14,0,12 13 14,0,42,,2174,14,0,12 13 14,0,82,,2177,14,0,12 13 14,0,82,,2175,14,0,12 13 14,0,42,,2176,14,0,12 13 14,0
901,'5478',844,,2501,8,,,0,72,,1691,8,,,0,32,,2503,8,,,0,72,,1690,8,,,0,32,,2502,8,,,0,72,,1692,8,,,0,32,,2504,8,,,0,72,,1693,8,,,0,72,,2505,8,,,0,32,,1694,8,,,0,72,,2506,8,,,0,32,,1695,8,,,0,72,,2507,8,,,0,32,,1697,8,,,0,72,,2508,8,,,0,32,,2509,8,,,0,72,,1700,8,,,0,32,,1701,8,,,0,72,,1702,8,,,0,32,,1703,8,,,0,72,,1704,8,,,0,32,,1706,8,,,0,72,,2511,8,,,0,72,,2512,8,,,0,32,,2510,8,,,0
901,'5591',709,,2516,8,,,0,18,,998,8,,,0,18,,2525,8,,,0,58,,1002,8,,,0,19,,2526,8,,,0,18,,999,8,,,0,18,,2524,8,,,0,58,,1000,8,,,0,18,,2534,8,,,0,75,,2533,8,,,0,36,,2521,8,,,0,76,,2523,8,,,0,36,,2528,8,,,0,76,,2522,8,,,0,76,,2520,8,,,0,35,,2529,8,,,0,76,,2530,8,,,0,36,,2532,8,,,0,77,,2517,8,,,0,77,,2519,8,,,0,37,,2518,8,,,0,76,,2527,8,,,0,36,,2531,8,,,0
901,'5592',1514,,1742,8,,,0,37,,1741,8,,,0,77,,1740,8,,,0,76,,1739,8,,,0,37,,1738,8,,,0,76,,1737,8,,,0,32,,1736,8,,,0,73,,1735,8,,,0
901,'5595',1514,,1720,8,,,0,37,,1719,8,,,0,77,,1714,8,,,0,76,,1713,8,,,0,37,,1712,8,,,0,76,,1711,8,,,0,32,,1710,8,,,0,73,,1709,8,,,0,33,,1715,8,,,0,72,,1716,8,,,0,32,,1717,8,,,0,72,,1718,8,,,0
901,'5596',915,,1688,8,,,0,32,,1689,8,,,0,72,,911,8,,,0,32,,1683,8,,,0,72,,898,8,,,0,32,,1684,8,,,0,73,,900,8,,,0,72,,896,8,,,0,32,,1685,8,,,0,72,,1686,8,,,0,32,,1687,8,,,0,72,,904,8,,,0,32,,905,8,,,0,72,,906,8,,,0,32,,907,8,,,0,72,,912,8,,,0,32,,909,8,,,0,72,,913,8,,,0
901,'5597',915,,1726,8,,,0,32,,1727,8,,,0,72,,966,8,,,0,32,,1721,8,,,0,72,,953,8,,,0,32,,1722,8,,,0,73,,955,8,,,0,72,,951,8,,,0,32,,1723,8,,,0,72,,1724,8,,,0,32,,1725,8,,,0,72,,959,8,,,0,32,,960,8,,,0,72,,961,8,,,0,32,,962,8,,,0,72,,967,8,,,0,32,,964,8,,,0,72,,968,8,,,0
901,'5598',915,,1733,8,,,0,32,,1734,8,,,0,72,,984,8,,,0,32,,1728,8,,,0,72,,971,8,,,0,32,,1729,8,,,0,73,,973,8,,,0,72,,969,8,,,0,32,,2513,8,,,0,72,,2514,8,,,0,32,,2515,8,,,0,72,,977,8,,,0,32,,978,8,,,0,72,,979,8,,,0,32,,980,8,,,0,72,,985,8,,,0,32,,982,8,,,0,72,,986,8,,,0
6000,'5478',943,,1019,8,0,5 6,0,169,,1018,8,0,5 6,0,227,,1020,8,0,5 6,0,175,,1021,8,0,5 6,0
6000,'5591',753,,2537,7,,,0,262,,2536,7,0,5 6,0,309,,2538,7,,,0,223,,2535,7,,,0,257,,2539,7,,,0
